1.60230132,3.4970643520355225,15.359715700149536,1.6937267780303955,
1.60939833,3.496819257736206,15.455148458480835,1.7015738487243652,
1.58990557,3.4965269565582275,15.521338939666748,1.706383466720581,
1.58939024,3.49615740776062,15.591607570648193,1.7116090059280396,
1.58681834,3.496126890182495,15.652472257614136,1.7172061204910278,
1.582394,3.4961438179016113,15.721386671066284,1.723021388053894,
1.57627007,3.4959795475006104,15.794411182403564,1.7288683652877808,
1.57380396,3.4960620403289795,15.85715651512146,1.7340439558029175,
1.56217424,3.496154546737671,15.91816759109497,1.7394587993621826,
1.57067425,3.4964699745178223,15.978639125823975,1.7425085306167603,
1.55978207,3.496926784515381,16.04045057296753,1.7480559349060059,
1.55302795,3.4973556995391846,16.106266021728516,1.7528425455093384,
1.5459819,3.4979910850524902,16.180859565734863,1.757750391960144,
1.53839982,3.498643159866333,16.240750312805176,1.7626055479049683,
1.53842903,3.4992432594299316,16.302613735198975,1.7670000791549683,
1.53901318,3.499976634979248,16.36794948577881,1.7710082530975342,
1.53328049,3.5009379386901855,16.432779788970947,1.7746989727020264,
1.53223971,3.5017685890197754,16.49257254600525,1.7782697677612305,
1.52964343,3.5027148723602295,16.55755615234375,1.7810581922531128,
1.51930493,3.503096580505371,16.62661862373352,1.783637285232544,
1.52001146,3.5040857791900635,16.695196866989136,1.7859793901443481,
1.51431365,3.5045673847198486,16.762852668762207,1.787532925605774,
1.52099186,3.5049633979797363,16.82806134223938,1.788647174835205,
1.51778441,3.5050973892211914,16.88931369781494,1.7893322706222534,
1.51571021,3.5053622722625732,16.957427978515625,1.7896087169647217,
1.51087695,3.505432367324829,17.01596164703369,1.789613127708435,
1.51224943,3.5054616928100586,17.077054500579834,1.7893784046173096,
1.50070596,3.505220651626587,17.133983373641968,1.7887681722640991,
1.50162783,3.5049691200256348,17.19764018058777,1.787703275680542,
1.50787086,3.504631519317627,17.25887942314148,1.7859930992126465,
1.51235312,3.504283905029297,17.326447248458862,1.7845051288604736,
1.51746692,3.5041470527648926,17.38361167907715,1.7834358215332031,
1.50697962,3.5039687156677246,17.44443988800049,1.7810430526733398,
1.50959546,3.5037596225738525,17.502326250076294,1.7784422636032104,
1.50704222,3.5034894943237305,17.564040184020996,1.7752238512039185,
1.5147226,3.503356695175171,17.622097492218018,1.7726809978485107,
1.52228534,3.503007173538208,17.68203639984131,1.7689247131347656,
1.51300966,3.5025389194488525,17.740230560302734,1.7672826051712036,
1.52133254,3.502222776412964,17.799912691116333,1.7635594606399536,
1.51909262,3.5017788410186768,17.8640239238739,1.7604103088378906,
1.52429477,3.5012905597686768,17.935769081115723,1.7566394805908203,
1.52383792,3.500847816467285,18.00003743171692,1.7535254955291748,
1.5291365,3.5001699924468994,18.066593408584595,1.749793529510498,
1.52936228,3.4993762969970703,18.128743410110474,1.7467236518859863,
1.5337694,3.498661994934082,18.198282718658447,1.743492841720581,
1.53852139,3.4978690147399902,18.272385120391846,1.7405173778533936,
1.53384502,3.497058391571045,18.337669134140015,1.7378034591674805,
1.54188553,3.4963603019714355,18.40289855003357,1.735552430152893,
1.53952531,3.495791435241699,18.46614670753479,1.7335783243179321,
1.54169072,3.4953250885009766,18.5310218334198,1.7319225072860718,
1.54804802,3.49489688873291,18.60114812850952,1.7306736707687378,
1.55508329,3.4944236278533936,18.67138648033142,1.730019450187683,
1.55472052,3.4940919876098633,18.741637706756592,1.729729175567627,
1.55435548,3.4939346313476562,18.808236360549927,1.7297840118408203,
1.55259283,3.4938113689422607,18.868290185928345,1.7299708127975464,
1.55413817,3.4937822818756104,18.930232286453247,1.7309030294418335,
1.55090024,3.4938559532165527,18.999045848846436,1.7326818704605103,
1.54639677,3.494055986404419,19.057682037353516,1.734980583190918,
1.55396454,3.49411940574646,19.117252826690674,1.7362438440322876,
1.54946956,3.4942049980163574,19.177019834518433,1.7390730381011963,
1.54367551,3.494277000427246,19.23660373687744,1.7428007125854492,
1.55033117,3.494396209716797,19.294979095458984,1.7470346689224243,
1.5467924,3.494439125061035,19.354395151138306,1.7514746189117432,
1.53866116,3.4946277141571045,19.415902376174927,1.7542197704315186,
1.53261497,3.4948315620422363,19.474782943725586,1.7594752311706543,
1.52478456,3.494885206222534,19.53882074356079,1.7652406692504883,
1.52641852,3.4948923587799072,19.60474157333374,1.7714571952819824,
1.51945321,3.4947283267974854,19.673957347869873,1.7778109312057495,
1.51733463,3.494438886642456,19.747302055358887,1.7853631973266602,
1.50584882,3.494076728820801,19.82090401649475,1.7959837913513184,
1.49955777,3.4939663410186768,19.8811354637146,1.8001010417938232,
1.49506598,3.493731737136841,19.946356773376465,1.8080841302871704,
1.49123553,3.4934704303741455,20.00727128982544,1.8158894777297974,
1.47472544,3.4933180809020996,20.069615364074707,1.8246701955795288,
1.47029453,3.493288040161133,20.131142139434814,1.8333317041397095,
1.4635964,3.493356227874756,20.1908962726593,1.8416416645050049,
1.45180319,3.493431568145752,20.254577159881592,1.8505433797836304,
1.4394737,3.4935367107391357,20.309555292129517,1.8541744947433472,
1.43101041,3.493556261062622,20.371637105941772,1.8630390167236328,
1.42523889,3.493746042251587,20.432203769683838,1.8715869188308716,
1.42566312,3.4939820766448975,20.490376710891724,1.8789585828781128,
1.41829287,3.4941813945770264,20.550614833831787,1.8833403587341309,
1.4169684,3.4945180416107178,20.608955144882202,1.8905972242355347,
1.40910389,3.494762420654297,20.68014931678772,1.897559404373169,
1.39647523,3.495110273361206,20.742244005203247,1.9043529033660889,
1.38715349,3.495476245880127,20.805423259735107,1.9108606576919556,
1.3952735,3.495954990386963,20.864754915237427,1.91702401638031,
1.37831035,3.496586322784424,20.93076729774475,1.9227008819580078,
1.3743665,3.497138023376465,20.995788097381592,1.9271795749664307,
1.37229203,3.497699499130249,21.064112424850464,1.9313536882400513,
1.36818606,3.4982903003692627,21.125404596328735,1.9351511001586914,
1.36734217,3.4988343715667725,21.19392728805542,1.937914252281189,
1.35687984,3.4996612071990967,21.258267164230347,1.9399360418319702,
1.36285101,3.50052809715271,21.328160762786865,1.9413400888442993,
1.3601519,3.50108003616333,21.401779651641846,1.9418524503707886,
1.35884695,3.501558303833008,21.464961528778076,1.9416470527648926,
1.35876503,3.501927614212036,21.530991077423096,1.940189242362976,
1.35602403,3.502235174179077,21.591587781906128,1.9383713006973267,
1.3578931,3.502314329147339,21.663631439208984,1.935756802558899,
1.35574625,3.5024843215942383,21.729408025741577,1.932108998298645,
1.36282798,3.502514600753784,21.80428147315979,1.9280226230621338,
1.35696284,3.5024359226226807,21.867300271987915,1.9227796792984009,
1.36716255,3.5021708011627197,21.93347406387329,1.9167296886444092,
1.36975133,3.5018489360809326,21.99689817428589,1.9102030992507935,
1.37586807,3.501631021499634,22.056438446044922,1.9029754400253296,
1.38678909,3.5012688636779785,22.122135400772095,1.8941093683242798,
1.38543062,3.5007903575897217,22.18959140777588,1.8855048418045044,
1.39834992,3.500530958175659,22.249062538146973,1.8765686750411987,
1.40079242,3.500084400177002,22.30761194229126,1.8719960451126099,
1.41992786,3.4995510578155518,22.37505078315735,1.8607231378555298,
1.41404103,3.4990992546081543,22.4352765083313,1.8510398864746094,
1.43018269,3.4988365173339844,22.500732421875,1.8400771617889404,
1.44850853,3.4985995292663574,22.560914754867554,1.8281011581420898,
1.44798959,3.4984185695648193,22.625874996185303,1.8159098625183105,
1.46627421,3.4982852935791016,22.68914008140564,1.8037545680999756,
1.47806086,3.4982705116271973,22.7576584815979,1.7928352355957031,
1.47091406,3.498408079147339,22.829644441604614,1.7802674770355225,
1.48999041,3.498505115509033,22.889090061187744,1.7678534984588623,
1.49905935,3.499152898788452,22.95281457901001,1.7548266649246216,
1.5193779,3.4997456073760986,23.01387906074524,1.7485809326171875,
1.52637576,3.500283718109131,23.0778386592865,1.7300492525100708,
1.54452271,3.5007429122924805,23.145401000976562,1.723968267440796,
1.55209704,3.5010323524475098,23.21127986907959,1.7120946645736694,
1.56725728,3.5011630058288574,23.271333932876587,1.7008862495422363,
1.57944934,3.5012667179107666,23.33490490913391,1.6899347305297852,
1.58852497,3.5013692378997803,23.397607564926147,1.6791069507598877,
1.6005509,3.5013976097106934,23.453640699386597,1.6690495014190674,
1.60566624,3.5012660026550293,23.51137661933899,1.663956642150879,
1.61842679,3.501075506210327,23.570054292678833,1.6551666259765625,
1.62083716,3.5008137226104736,23.636446952819824,1.6463768482208252,
1.62316388,3.500398635864258,23.693079948425293,1.638353705406189,
1.63043165,3.5000078678131104,23.756898641586304,1.630907654762268,
1.64388013,3.4992563724517822,23.824647903442383,1.624701738357544,
1.64926754,3.497865915298462,23.89434814453125,1.6195224523544312,
1.64169833,3.497354745864868,23.952495098114014,1.6148320436477661,
1.65871398,3.4964959621429443,24.017390489578247,1.6128356456756592,
1.65507596,3.4949421882629395,24.085297346115112,1.6079974174499512,
1.67379438,3.494272232055664,24.150815725326538,1.6059695482254028,
1.6686132,3.49318265914917,24.22179341316223,1.6043388843536377,
1.66670677,3.4914968013763428,24.29303240776062,1.6041276454925537,
1.66863239,3.490382671356201,24.364280462265015,1.6051795482635498,
1.67350708,3.4894285202026367,24.43379497528076,1.606935739517212,
1.67091865,3.4887375831604004,24.499791145324707,1.608974575996399,
1.66278405,3.488075017929077,24.568875551223755,1.612504243850708,
1.66810139,3.4877429008483887,24.63208556175232,1.6167044639587402,
1.66009085,3.48740816116333,24.69762420654297,1.6219993829727173,
1.65260614,3.487112522125244,24.75703740119934,1.6241660118103027,
1.65143518,3.486889362335205,24.82594871520996,1.6342768669128418,
1.6476472,3.4864490032196045,24.89452075958252,1.6414164304733276,
1.63698965,3.486176013946533,24.954887866973877,1.649257779121399,
1.62950877,3.4857425689697266,25.024531841278076,1.6576054096221924,
1.62485824,3.485752820968628,25.09129786491394,1.6669832468032837,
1.6202119,3.4859848022460938,25.15253734588623,1.6767640113830566,
1.61102565,3.4861528873443604,25.21369504928589,1.6816121339797974,
1.61460855,3.486684560775757,25.27596163749695,1.6918214559555054,
1.60828388,3.487220048904419,25.340394496917725,1.7029247283935547,
1.58572231,3.4877591133117676,25.40288233757019,1.7142624855041504,
1.57611667,3.4884462356567383,25.464935302734375,1.7245534658432007,
1.56449484,3.489121675491333,25.530990600585938,1.736109733581543,
1.55204232,3.489715337753296,25.594360828399658,1.747372031211853,
1.55075596,3.4906065464019775,25.661333322525024,1.7586332559585571,
1.5332828,3.4914934635162354,25.73060965538025,1.7698487043380737,
1.52928176,3.4922266006469727,25.794933795928955,1.7811475992202759,
1.52269255,3.4930484294891357,25.866435289382935,1.7922683954238892,
1.50899013,3.4938504695892334,25.93545913696289,1.802669882774353,
1.49581754,3.494447946548462,26.00072455406189,1.8133889436721802,
1.48285282,3.4951047897338867,26.06591296195984,1.8233449459075928,
1.48089716,3.4956858158111572,26.129791259765625,1.8334261178970337,
1.46817744,3.4961678981781006,26.194368600845337,1.842451810836792,
1.45457948,3.4965219497680664,26.260509490966797,1.8520925045013428,
1.45478648,3.4967219829559326,26.32412838935852,1.859705924987793,
1.43564284,3.4967870712280273,26.38018822669983,1.863830804824829,
1.43335501,3.4968414306640625,26.442784786224365,1.8711992502212524,
1.42691349,3.497014284133911,26.507044792175293,1.8773696422576904,
1.41969439,3.4972498416900635,26.56696891784668,1.883454442024231,
1.41776241,3.4973087310791016,26.633570671081543,1.8882181644439697,
1.4061476,3.4972610473632812,26.69867992401123,1.8920519351959229,
1.40548805,3.497126817703247,26.7644464969635,1.8965903520584106,
1.3961229,3.497101068496704,26.838216304779053,1.8988921642303467,
1.38937557,3.4970874786376953,26.90876865386963,1.9018807411193848,
1.38940754,3.4969425201416016,26.97093939781189,1.9032201766967773,
1.37893943,3.4966342449188232,27.0294930934906,1.9036675691604614,
1.38106084,3.49627947807312,27.090966939926147,1.9037288427352905,
1.38405385,3.495851516723633,27.15688967704773,1.9031621217727661,
1.38020562,3.495307683944702,27.230097770690918,1.9018585681915283,
1.38677946,3.4947409629821777,27.295355319976807,1.8990727663040161,
1.38476272,3.494088649749756,27.366953134536743,1.8966946601867676,
1.38484399,3.4935097694396973,27.431211709976196,1.8926692008972168,
1.38070789,3.4932467937469482,27.50192165374756,1.8896406888961792,
1.38992384,3.492926836013794,27.571638822555542,1.8844804763793945,
1.38930857,3.4924769401550293,27.64029860496521,1.8793355226516724,
1.39558343,3.492004632949829,27.70671796798706,1.8736823797225952,
1.40294244,3.491318941116333,27.778874158859253,1.867791771888733,
1.40737478,3.490692615509033,27.84677743911743,1.8616437911987305,
1.40721143,3.490313768386841,27.909860372543335,1.8555546998977661,
1.41145361,3.4898815155029297,27.97293448448181,1.8484392166137695,
1.41527087,3.489485502243042,28.034485816955566,1.8418755531311035,
1.42465018,3.4891490936279297,28.10397982597351,1.8356010913848877,
1.43657473,3.4887993335723877,28.16653275489807,1.8277451992034912,
1.44407831,3.488536834716797,28.230925798416138,1.8205680847167969,
1.44843291,3.48840594291687,28.300695657730103,1.8135745525360107,
1.45069678,3.4882652759552,28.36632251739502,1.8068336248397827,
1.45975716,3.488192558288574,28.424437999725342,1.8001079559326172,
1.46610154,3.487915515899658,28.48418641090393,1.7959498167037964,
1.4789149,3.487765312194824,28.5443332195282,1.7894009351730347,
1.47588759,3.487708806991577,28.606825590133667,1.7830265760421753,
1.48403743,3.487776041030884,28.66777276992798,1.7771015167236328,
1.50174933,3.4879705905914307,28.73376226425171,1.771723747253418,
1.49932176,3.4883108139038086,28.79495358467102,1.7666925191879272,
1.50588867,3.488741874694824,28.861079931259155,1.7617828845977783,
1.51034119,3.488973379135132,28.923452854156494,1.7572152614593506,
1.51756817,3.4896252155303955,28.986231088638306,1.7555866241455078,
1.52398811,3.4904050827026367,29.044814825057983,1.7517750263214111,
1.52314237,3.4911482334136963,29.110431671142578,1.7488114833831787,
1.52841781,3.491832971572876,29.17902421951294,1.746392846107483,
1.54138437,3.4925832748413086,29.24857187271118,1.7435659170150757,
1.53597007,3.493313789367676,29.3065345287323,1.743085265159607,
1.54324101,3.4941647052764893,29.36801052093506,1.7422138452529907,
1.55058244,3.494852066040039,29.433582305908203,1.741889476776123,
1.53920253,3.49556040763855,29.496416091918945,1.742123007774353,
1.54977109,3.496445655822754,29.558351039886475,1.743078589439392,
1.54537033,3.4968483448028564,29.615558385849,1.7435057163238525,
1.54623057,3.497825860977173,29.673450469970703,1.7449793815612793,
1.5458006,3.4986941814422607,29.74097442626953,1.7473278045654297,
1.5528302,3.4995462894439697,29.80165672302246,1.7496620416641235,
1.5481603,3.5001206398010254,29.856823682785034,1.7528871297836304,
1.54402732,3.5009326934814453,29.910680055618286,1.7546286582946777,
1.54736867,3.501858711242676,29.97590208053589,1.75776207447052,
1.5461031,3.502767324447632,30.036022663116455,1.7620996236801147,
1.54320084,3.5034186840057373,30.098501443862915,1.7665940523147583,
1.54379688,3.5040361881256104,30.164217472076416,1.7705409526824951,
1.54086942,3.5045526027679443,30.231407403945923,1.775570034980774,
1.52958428,3.5049190521240234,30.297239542007446,1.7807958126068115,
1.5288974,3.505183696746826,30.36228108406067,1.7860385179519653,
1.52552159,3.5053648948669434,30.436180353164673,1.7911936044692993,
1.51995514,3.5054869651794434,30.50146484375,1.7959089279174805,
1.51872644,3.505584955215454,30.56775426864624,1.801385760307312,
1.50611967,3.5056610107421875,30.63261365890503,1.8065853118896484,
1.50098899,3.505699872970581,30.70340061187744,1.8119564056396484,
1.49518931,3.505657434463501,30.769997358322144,1.8160943984985352,
1.48831098,3.5055556297302246,30.83858370780945,1.821174144744873,
1.48329649,3.5054662227630615,30.91055703163147,1.8258001804351807,
1.48362071,3.5053980350494385,30.99627375602722,1.831866979598999,
1.47656114,3.5054574012756348,31.067895650863647,1.835253357887268,
1.47609711,3.505419969558716,31.138126134872437,1.8385436534881592,
1.46530733,3.5054616928100586,31.208614826202393,1.841080665588379,
1.46386517,3.5054757595062256,31.27126169204712,1.843550682067871,
1.45605212,3.5055761337280273,31.32913112640381,1.8459981679916382,
1.45905051,3.5054469108581543,31.385680437088013,1.846291184425354,
1.46293285,3.505129098892212,31.445369482040405,1.8469164371490479,
1.45134259,3.5048372745513916,31.509575605392456,1.8471271991729736,
1.45492122,3.5045788288116455,31.572439432144165,1.8470242023468018,
1.4467704,3.504380702972412,31.637579202651978,1.8464691638946533,
1.45150341,3.504211902618408,31.698771476745605,1.8454225063323975,
1.44777859,3.5039284229278564,31.762945890426636,1.8430206775665283,
1.44486796,3.5037264823913574,31.82957124710083,1.8404817581176758,
1.4530827,3.503622531890869,31.893579959869385,1.8375879526138306,
1.45555696,3.5035359859466553,31.960585117340088,1.8338351249694824,
1.45589888,3.5035407543182373,32.02107906341553,1.829763650894165,
1.45854041,3.5038251876831055,32.088051319122314,1.8268485069274902,
1.46682434,3.503924608230591,32.144102573394775,1.8216241598129272,
1.46829616,3.5040125846862793,32.20571827888489,1.8161213397979736,
1.47748897,3.504075288772583,32.27560091018677,1.810485601425171,
1.47929736,3.5041146278381348,32.340933084487915,1.8047116994857788,
1.49081221,3.504190683364868,32.40513610839844,1.7972145080566406,
1.48961512,3.504014492034912,32.467124223709106,1.7902058362960815,
1.49235034,3.5039234161376953,32.526726484298706,1.7829242944717407,
1.49861717,3.503547430038452,32.594383239746094,1.7754404544830322,
1.50991926,3.5033960342407227,32.65403199195862,1.7679258584976196,
1.5156522,3.5032169818878174,32.719082832336426,1.760269045829773,
1.52284104,3.5027658939361572,32.79082727432251,1.7521742582321167,
1.53040639,3.5024986267089844,32.849934101104736,1.743952751159668,
1.53169272,3.5020620822906494,32.910377979278564,1.7401766777038574,
1.54687139,3.50168776512146,32.96932649612427,1.7323181629180908,
1.54579608,3.5016865730285645,33.02844524383545,1.7244186401367188,
1.55061657,3.5017447471618652,33.09098958969116,1.7171555757522583,
1.56333537,3.5017433166503906,33.15648055076599,1.7095420360565186,
1.5801659,3.5016746520996094,33.227349519729614,1.7028144598007202,
1.57912092,3.5016283988952637,33.28360652923584,1.6958248615264893,
1.58386884,3.5015869140625,33.345867395401,1.6925029754638672,
1.58104673,3.5015757083892822,33.40964651107788,1.6867860555648804,
1.59178556,3.501620292663574,33.47479271888733,1.6809978485107422,
1.59970594,3.5016226768493652,33.537442684173584,1.6757398843765259,
1.60402682,3.5015907287597656,33.6080687046051,1.6708742380142212,
1.60727042,3.501634120941162,33.672956705093384,1.6672521829605103,
1.62050362,3.501605987548828,33.73829364776611,1.6633045673370361,
1.61904666,3.501521110534668,33.80992078781128,1.6609560251235962,
1.62042742,3.501296043395996,33.87436532974243,1.6584992408752441,
1.62339042,3.50095534324646,33.94210457801819,1.6570560932159424,
1.62834404,3.500554084777832,34.01311159133911,1.6563799381256104,
1.62840013,3.5000295639038086,34.083903551101685,1.6567580699920654,
1.62643054,3.4995102882385254,34.1461546421051,1.6572057008743286,
1.62403862,3.499049663543701,34.20848560333252,1.658746600151062,
1.62816423,3.498448371887207,34.27082586288452,1.6611493825912476,
1.62394691,3.497687816619873,34.33314251899719,1.6640188694000244,
1.62316662,3.4971089363098145,34.39758563041687,1.6682227849960327,
1.62025679,3.496521472930908,34.464215993881226,1.6725525856018066,
1.61893151,3.496039628982544,34.531330585479736,1.6776123046875,
1.6019817,3.4955270290374756,34.596254110336304,1.68361234664917,
1.607358,3.4949915409088135,34.65993332862854,1.6901119947433472,
1.6019264,3.494701862335205,34.724645137786865,1.6970082521438599,
1.59946087,3.4945473670959473,34.7949538230896,1.704732894897461,
1.58764846,3.494501829147339,34.85765862464905,1.7132359743118286,
1.57795825,3.4944512844085693,34.926416635513306,1.7220406532287598,
1.56672847,3.494422435760498,34.993605852127075,1.7307244539260864,
1.56228752,3.49446177482605,35.05532145500183,1.7400697469711304,
1.55262636,3.4945104122161865,35.11038661003113,1.7448095083236694,
1.54599149,3.494662284851074,35.170467376708984,1.7549673318862915,
1.53676646,3.4948055744171143,35.236202239990234,1.7651445865631104,
1.53335347,3.4949605464935303,35.2985577583313,1.7755931615829468,
1.52866747,3.4951553344726562,35.369431257247925,1.7858374118804932,
1.51470437,3.4954187870025635,35.43065118789673,1.795737385749817,
1.49834317,3.495723247528076,35.49276804924011,1.8063915967941284,
1.49507383,3.49588942527771,35.55085492134094,1.8163013458251953,
1.4870355,3.4963862895965576,35.60823106765747,1.8216485977172852,
1.47002183,3.4969229698181152,35.66808772087097,1.8320873975753784,
1.47647651,3.4974775314331055,35.73416042327881,1.8418829441070557,
1.46858262,3.4979395866394043,35.79250645637512,1.852290391921997,
1.46150481,3.4984350204467773,35.85901999473572,1.8605577945709229,
1.44588163,3.4986727237701416,35.922900676727295,1.8704895973205566,
1.4457648,3.4987411499023438,35.9827024936676,1.8735772371292114,
1.42414579,3.4990081787109375,36.0421929359436,1.882239818572998,
1.41624102,3.499263048171997,36.107089042663574,1.8897218704223633,
1.41504469,3.499624729156494,36.16861319541931,1.896527647972107,
1.41071811,3.4998514652252197,36.23386216163635,1.902952790260315,
1.4014614,3.500128746032715,36.29616141319275,1.9088138341903687,
1.39753411,3.5003750324249268,36.36064696311951,1.9129009246826172,
1.39189864,3.500622510910034,36.4262433052063,1.9175727367401123,
1.38385316,3.5008981227874756,36.496875524520874,1.921269178390503,
1.38173013,3.501223564147949,36.567031383514404,1.9233345985412598,
1.37235666,3.5016472339630127,36.63358759880066,1.925593614578247,
1.37011604,3.5020101070404053,36.698986768722534,1.926652193069458,
1.37490371,3.5023930072784424,36.76530480384827,1.9270172119140625,
1.36871533,3.5027143955230713,36.83627676963806,1.926527500152588,
1.36840815,3.503040313720703,36.90815782546997,1.9253385066986084,
1.37412516,3.5035934448242188,36.987926721572876,1.9221621751785278,
1.37388363,3.5037848949432373,37.056644439697266,1.9188660383224487,
1.37120292,3.504060983657837,37.12140703201294,1.9150679111480713,
1.38569033,3.5040488243103027,37.181153297424316,1.9124579429626465,
1.37888206,3.50396990776062,37.248412132263184,1.904801845550537,
1.38275951,3.5035548210144043,37.32199501991272,1.8985588550567627,
1.38400286,3.5033936500549316,37.384464740753174,1.8959590196609497,
1.39347565,3.5028438568115234,37.4613995552063,1.8849893808364868,
1.39671481,3.502319812774658,37.524956941604614,1.87754487991333,
1.39955126,3.5020358562469482,37.584954500198364,1.8731452226638794,
1.41166601,3.501516580581665,37.65105104446411,1.8653687238693237,
1.41205318,3.500924825668335,37.71376299858093,1.856956958770752,
1.42167351,3.500333070755005,37.78135657310486,1.843399167060852,
1.42819292,3.499786138534546,37.842548847198486,1.8393133878707886,
1.43544401,3.499267339706421,37.90681505203247,1.8288178443908691,
1.45042413,3.4987728595733643,37.96807646751404,1.8197726011276245,
1.45812916,3.498253583908081,38.03337359428406,1.809475302696228,
1.46050263,3.497842311859131,38.091506481170654,1.8002952337265015,
1.47792284,3.497401475906372,38.16404390335083,1.7898809909820557,
1.48723572,3.496983766555786,38.23275136947632,1.7812166213989258,
1.48694933,3.496782064437866,38.29206609725952,1.7715011835098267,
1.49974391,3.4966437816619873,38.3587965965271,1.7622051239013672,
1.506415,3.4966161251068115,38.42713809013367,1.753753662109375,
1.52109499,3.4966068267822266,38.49500560760498,1.744850516319275,
1.52862786,3.4966390132904053,38.56245803833008,1.7368029356002808,
1.54049987,3.4967024326324463,38.62208342552185,1.7289916276931763,
1.55289318,3.49678635597229,38.68200635910034,1.72526216506958,
1.54755226,3.4968929290771484,38.74192476272583,1.718821406364441,
1.56168311,3.4970288276672363,38.80599784851074,1.7121002674102783,
1.57116336,3.4970650672912598,38.86907076835632,1.7064512968063354,
1.57846037,3.4971303939819336,38.934056997299194,1.7011500597000122,
1.58217338,3.497213840484619,38.998324155807495,1.6969858407974243,
1.58632996,3.4972429275512695,39.06030774116516,1.6931062936782837,
1.59293201,3.4973225593566895,39.119614601135254,1.6901906728744507,
1.59712328,3.4976096153259277,39.17715811729431,1.688646674156189,
1.59245904,3.49812912940979,39.241771936416626,1.6865379810333252,
1.59466503,3.4984941482543945,39.29997992515564,1.6849439144134521,
1.60396079,3.49889874458313,39.36304783821106,1.6843653917312622,
1.59588511,3.4991793632507324,39.43336796760559,1.6844122409820557,
1.60966904,3.4994258880615234,39.49503016471863,1.6850976943969727,
1.59947135,3.4997973442077637,39.56060028076172,1.6869052648544312,
1.60728075,3.5001888275146484,39.62984895706177,1.6887601613998413,
1.60580553,3.5004873275756836,39.695576906204224,1.6915053129196167,
1.60077246,3.500821113586426,39.765671730041504,1.6948626041412354,
1.60390333,3.501190185546875,39.83380746841431,1.6987839937210083,
1.5970533,3.5014760494232178,39.90194368362427,1.703366994857788,
1.60451578,3.5017499923706055,39.97436738014221,1.7083637714385986,
1.58617649,3.5019187927246094,40.038020849227905,1.7145946025848389,
1.58351635,3.502021074295044,40.1045196056366,1.7201744318008423,
1.57466227,3.502270460128784,40.17932724952698,1.7262790203094482,
1.57538652,3.5025181770324707,40.24550938606262,1.7330844402313232,
1.57171249,3.5026955604553223,40.320831537246704,1.7432141304016113,
1.56376429,3.5028064250946045,40.390869140625,1.7502909898757935,
1.56287988,3.502709150314331,40.453487396240234,1.757656455039978,
1.53526232,3.502648115158081,40.51542282104492,1.761731743812561,
1.54014977,3.5022199153900146,40.581493616104126,1.7689286470413208,
1.52716415,3.501612663269043,40.64340257644653,1.7760937213897705,
1.53467468,3.5012195110321045,40.71039414405823,1.783383846282959,
1.51808225,3.500868558883667,40.7720901966095,1.7910927534103394,
1.5045186,3.5006027221679688,40.83691954612732,1.7979031801223755,
1.50005099,3.5004029273986816,40.90138053894043,1.805103063583374,
1.49171095,3.5002286434173584,40.96496272087097,1.8116222620010376,
1.49517507,3.5002055168151855,41.0250186920166,1.8173928260803223,
1.48924794,3.500206232070923,41.08954095840454,1.8230056762695312,
1.48600662,3.500213146209717,41.1552529335022,1.8284623622894287,
1.47418254,3.5003435611724854,41.22063589096069,1.8339781761169434,
1.46155439,3.500673532485962,41.29043984413147,1.8388762474060059,
1.46886871,3.5008761882781982,41.35613989830017,1.8417654037475586,
1.45914948,3.5009334087371826,41.418511152267456,1.8458011150360107,
1.44671451,3.501197576522827,41.47935461997986,1.8468612432479858,
1.44435158,3.501516103744507,41.54327440261841,1.849381446838379,
1.4458435,3.501710891723633,41.603644609451294,1.8512240648269653,
1.44663926,3.5018885135650635,41.66858887672424,1.8525949716567993,
1.44272973,3.5020110607147217,41.73155689239502,1.8529192209243774,
1.43878279,3.5021846294403076,41.7979211807251,1.8528132438659668,
1.43331304,3.5022950172424316,41.862990856170654,1.8518269062042236,
1.43508959,3.502326726913452,41.92888307571411,1.850169062614441,
1.45076499,3.502319097518921,41.99101948738098,1.8472132682800293,
1.43878977,3.502285957336426,42.051106452941895,1.8454861640930176,
1.4505294,3.50216007232666,42.11110711097717,1.8435547351837158,
1.44382429,3.50191593170166,42.173977851867676,1.8400112390518188,
1.43966477,3.501615524291992,42.23234033584595,1.8358900547027588,
1.44212169,3.5013015270233154,42.291815996170044,1.8306368589401245,
1.45058373,3.5010268688201904,42.34907603263855,1.825592279434204,
1.4614999,3.5006020069122314,42.40843605995178,1.822452187538147,
1.46117376,3.5001211166381836,42.46819233894348,1.816644549369812,
1.46507852,3.4996604919433594,42.527761697769165,1.8107953071594238,
1.46596683,3.4991400241851807,42.59137964248657,1.8051543235778809,
1.47354935,3.4985997676849365,42.65815591812134,1.7982975244522095,
1.47711227,3.4983580112457275,42.72176432609558,1.792100429534912,
1.48655845,3.4973738193511963,42.79302406311035,1.785849928855896,
1.4943592,3.4968326091766357,42.85776114463806,1.7796568870544434,
1.49593162,3.496391534805298,42.92842149734497,1.773695945739746,
1.49504785,3.496108055114746,43.000035762786865,1.7678077220916748,
1.51780366,3.4956107139587402,43.076446533203125,1.7621963024139404,
1.50945155,3.494692325592041,43.14233684539795,1.756845474243164,
1.51380829,3.4940593242645264,43.220133543014526,1.7502069473266602,
1.5297858,3.4936718940734863,43.278531074523926,1.748328685760498,
1.53072302,3.493628740310669,43.34377384185791,1.744741439819336,
1.53068079,3.493781805038452,43.40825700759888,1.741667628288269,
1.54113326,3.494142770767212,43.471259355545044,1.739193320274353,
1.53986081,3.4946212768554688,43.53860950469971,1.7371946573257446,
1.54084744,3.495140790939331,43.60327506065369,1.7360602617263794,
1.55089448,3.4957993030548096,43.67109751701355,1.735047698020935,
1.55404023,3.496227264404297,43.73472714424133,1.7348735332489014,
1.56016322,3.496642589569092,43.79364252090454,1.7351020574569702,
1.55670023,3.497279167175293,43.861106872558594,1.7361621856689453,
1.55657257,3.4980552196502686,43.9267361164093,1.736637830734253,
1.55403227,3.498762607574463,43.994466066360474,1.7387549877166748,
1.55573306,3.4995996952056885,44.057454347610474,1.740899682044983,
1.55608585,3.5007922649383545,44.1232430934906,1.7431033849716187,
1.56432262,3.501291275024414,44.18633699417114,1.7441368103027344,
1.55042649,3.502427101135254,44.24547791481018,1.747287392616272,
1.55442203,3.5032734870910645,44.305211305618286,1.7499363422393799,
1.55802551,3.5041112899780273,44.36581635475159,1.753257155418396,
1.54137824,3.5049662590026855,44.427417516708374,1.7562750577926636,
1.54441051,3.5054938793182373,44.49001455307007,1.7598140239715576,
1.54731935,3.5057625770568848,44.54965901374817,1.7625993490219116,
1.54494253,3.5060718059539795,44.609135150909424,1.7639046907424927,
1.53610899,3.506453514099121,44.674837827682495,1.7671126127243042,
1.5315223,3.5070793628692627,44.739866971969604,1.7695472240447998,
1.52846111,3.5073416233062744,44.80499815940857,1.7726808786392212,
1.52702186,3.507294178009033,44.867624282836914,1.7747615575790405,
1.52688101,3.507028341293335,44.92914009094238,1.7767510414123535,
1.53054488,3.5067014694213867,44.99265956878662,1.7789486646652222,
1.52051545,3.5063374042510986,45.05265235900879,1.7807475328445435,
1.51216996,3.5057601928710938,45.109718799591064,1.7814115285873413,
1.51447205,3.5050442218780518,45.16798257827759,1.782566785812378,
1.51786483,3.504746198654175,45.223952770233154,1.7834587097167969,
1.50814262,3.503732204437256,45.29023194313049,1.7847764492034912,
1.49607219,3.503281593322754,45.35054159164429,1.7857517004013062,
1.51766487,3.502408742904663,45.40757966041565,1.7859859466552734,
1.51326228,3.5014331340789795,45.468953132629395,1.7862470149993896,
1.50113818,3.5005910396575928,45.54081106185913,1.7862600088119507,
1.50300939,3.500033140182495,45.607744216918945,1.786293387413025,
1.5083026,3.4995033740997314,45.66620659828186,1.7862977981567383,
1.50205716,3.4991097450256348,45.73276972770691,1.7862664461135864,
1.50493875,3.498838186264038,45.797765493392944,1.7859222888946533,
1.50327772,3.4985294342041016,45.86315608024597,1.7857776880264282,
1.49949609,3.4982078075408936,45.93345904350281,1.7857487201690674,
1.4989876,3.497814178466797,46.00273609161377,1.785601258277893,
1.50548313,3.4973602294921875,46.074114084243774,1.7851786613464355,
1.50453926,3.496955633163452,46.14087462425232,1.785023808479309,
1.50151824,3.496568202972412,46.219074010849,1.784605860710144,
1.49893368,3.4960691928863525,46.29831385612488,1.784480333328247,
1.50776283,3.4958488941192627,46.36936163902283,1.784468650817871,
1.49826313,3.4958536624908447,46.436673402786255,1.78445303440094,
1.49874992,3.4959540367126465,46.50497031211853,1.7843595743179321,
1.49919437,3.4961512088775635,46.57261037826538,1.7844372987747192,
1.50238628,3.4964301586151123,46.64302062988281,1.7845137119293213,
1.50387703,3.496535539627075,46.708935499191284,1.7845258712768555,
1.50344493,3.496823787689209,46.776386737823486,1.784536361694336,
1.50260739,3.497185468673706,46.839624643325806,1.7844510078430176,
1.51211897,3.4975056648254395,46.907745599746704,1.7845205068588257,
1.50761366,3.497786283493042,46.97213935852051,1.7845326662063599,
1.50662485,3.4979825019836426,47.035767555236816,1.7845137119293213,
1.51034712,3.4982552528381348,47.101730823516846,1.7850745916366577,
1.50348341,3.4986026287078857,47.1618754863739,1.7845174074172974,
1.50464752,3.4988694190979004,47.23051476478577,1.7845319509506226,
1.50688324,3.499019145965576,47.2976438999176,1.7845619916915894,
1.50443621,3.4992198944091797,47.364134788513184,1.7845163345336914,
1.50802846,3.4992690086364746,47.43032717704773,1.7845252752304077,
1.50382409,3.4991471767425537,47.504544496536255,1.7844183444976807,
1.50766719,3.498879909515381,47.56589603424072,1.7845220565795898,
1.50043999,3.4984962940216064,47.63067817687988,1.784537434577942,
1.50715267,3.497959852218628,47.697227001190186,1.784586787223816,
1.50155087,3.497323513031006,47.7664577960968,1.784598708152771,
1.5081874,3.496814250946045,47.83309364318848,1.7846698760986328,
1.4952038,3.4964420795440674,47.89331817626953,1.784825086593628,
1.49929896,3.496192216873169,47.959052085876465,1.7854843139648438,
1.49393881,3.496084690093994,48.02302384376526,1.7858821153640747,
1.50087442,3.4960434436798096,48.08203077316284,1.785977840423584,
1.49995157,3.495950222015381,48.14338493347168,1.7867251634597778,
1.49983765,3.495889902114868,48.20536994934082,1.7874852418899536,
1.50388028,3.495852470397949,48.26664686203003,1.7884784936904907,
1.49910711,3.496047019958496,48.32837629318237,1.7893812656402588,
1.49466808,3.4961161613464355,48.38450527191162,1.7898659706115723,
1.4905878,3.496248483657837,48.44566988945007,1.7915304899215698,
1.48629073,3.4962360858917236,48.505903005599976,1.79274320602417,
1.493026,3.4961462020874023,48.568082332611084,1.7944533824920654,
1.4885915,3.495917797088623,48.629950523376465,1.795775294303894,
1.49353879,3.495728015899658,48.69119143486023,1.7978657484054565,
1.48599022,3.4954655170440674,48.75418472290039,1.7992147207260132,
1.49001178,3.4953277111053467,48.81170201301575,1.8000494241714478,
1.4852298,3.4949467182159424,48.87633681297302,1.8017737865447998,
1.49101776,3.4945638179779053,48.948131799697876,1.80290949344635,
1.4828128,3.494211196899414,49.0247061252594,1.8054274320602417,
1.48326419,3.493617534637451,49.09927487373352,1.8064520359039307,
1.47081033,3.493175745010376,49.172832012176514,1.8071626424789429,
1.47251953,3.4929018020629883,49.23807215690613,1.8078737258911133,
1.472482,3.492924213409424,49.30415439605713,1.808106780052185,
1.4753131,3.492776870727539,49.36926770210266,1.8081533908843994,
1.48091775,3.4925200939178467,49.43990993499756,1.808082938194275,
1.47568479,3.492140769958496,49.507532358169556,1.807225227355957,
1.47145599,3.4916090965270996,49.571004152297974,1.8059979677200317,
1.46945574,3.490823984146118,49.63938331604004,1.8050187826156616,
1.47389063,3.490187406539917,49.70389199256897,1.802628755569458,
1.47375454,3.489602565765381,49.77240872383118,1.8008455038070679,
1.46880594,3.489149332046509,49.8357892036438,1.7987643480300903,
1.46999502,3.489032030105591,49.897063970565796,1.795694351196289,
1.47927459,3.4892494678497314,49.96217226982117,1.7929644584655762,
1.47063653,3.489574909210205,50.028193950653076,1.7893600463867188,
1.4838544,3.4898548126220703,50.08692121505737,1.7863349914550781,
1.48968036,3.4900264739990234,50.145667552948,1.7845911979675293,
1.49220402,3.490255355834961,50.20611786842346,1.7810090780258179,
1.49650329,3.4903995990753174,50.26585292816162,1.7768433094024658,
1.49534921,3.4906716346740723,50.3312509059906,1.7735565900802612,
1.50265611,3.4910099506378174,50.39535570144653,1.7695207595825195,
1.49942552,3.491417169570923,50.46017861366272,1.7662652730941772,
1.5037005,3.491849422454834,50.52383089065552,1.762526512145996,
1.51216896,3.492046594619751,50.58414173126221,1.7609484195709229,
1.51612532,3.4925971031188965,50.64667844772339,1.7573471069335938,
1.52002123,3.4930474758148193,50.70810127258301,1.7546286582946777,
1.53055269,3.493483066558838,50.772127628326416,1.7517486810684204,
1.53343254,3.4939303398132324,50.83292841911316,1.7493737936019897,
1.53481708,3.494248390197754,50.89655351638794,1.7475577592849731,
1.53824367,3.4948136806488037,50.95594263076782,1.7466819286346436,
1.54198299,3.494929790496826,51.013795614242554,1.7448254823684692,
1.54633184,3.495148181915283,51.07469868659973,1.743621587753296,
1.54035479,3.4952001571655273,51.13555026054382,1.74301016330719,
1.53683279,3.4942736625671387,51.19779944419861,1.7424339056015015,
1.55248579,3.491807222366333,51.260148763656616,1.7423816919326782,
1.54604938,3.488922119140625,51.32156276702881,1.7426172494888306,
1.51900143,3.4877560138702393,51.373549699783325,1.7427908182144165,
1.53938407,3.4852352142333984,51.43534302711487,1.7436169385910034,
1.54062858,3.4832403659820557,51.50336933135986,1.7442946434020996,
1.52987896,3.480999231338501,51.56552600860596,1.7455825805664062,
1.52638576,3.4787497520446777,51.62402415275574,1.7474042177200317,
1.56986642,3.4778571128845215,51.6772677898407,1.748149037361145,
1.56986642,3.477034330368042,51.71538591384888,1.748903512954712,
1.50194305,3.475490093231201,51.76300311088562,1.7504829168319702,
1.50194305,3.475008726119995,51.803887128829956,1.751583218574524,
1.5487874,3.4746663570404053,51.85636496543884,1.7537176609039307,
1.5421808,3.4743974208831787,51.910754442214966,1.754548192024231,
1.53600284,3.4748291969299316,51.97332525253296,1.7564072608947754,
1.51857886,3.4752728939056396,52.03712296485901,1.7581323385238647,
1.49900113,3.474822998046875,52.108630418777466,1.760640025138855,
1.49351778,3.4727423191070557,52.161667823791504,1.762252688407898,
1.49351778,3.4713945388793945,52.198304414749146,1.7628329992294312,
1.49351778,3.4694433212280273,52.2428617477417,1.763193130493164,
1.49351778,3.4678826332092285,52.28532934188843,1.7639139890670776,
1.49351778,3.46415114402771,52.329554080963135,1.7643815279006958,
1.49351778,3.4625964164733887,52.36651659011841,1.764777421951294,
1.49351778,3.4611129760742188,52.407153844833374,1.7647792100906372,
1.49351778,3.4593443870544434,52.449045181274414,1.7652990818023682,
1.49351778,3.4581875801086426,52.483362436294556,1.7652990818023682,
1.49351778,3.45721697807312,52.521132707595825,1.7652376890182495,
1.49351778,3.455585241317749,52.55816292762756,1.7653826475143433,
1.49351778,3.454961061477661,52.60031819343567,1.7654751539230347,
1.49351778,3.4542236328125,52.64545035362244,1.764996886253357,
1.49351778,3.453685998916626,52.68648934364319,1.76472806930542,
1.49351778,3.4524636268615723,52.72517991065979,1.7636371850967407,
1.49351778,3.4520034790039062,52.75991129875183,1.763211727142334,
1.49351778,3.4516355991363525,52.79780960083008,1.7626838684082031,
1.49351778,3.451277256011963,52.840287923812866,1.7616322040557861,
1.49351778,3.4510810375213623,52.872600078582764,1.7607825994491577,
1.49351778,3.451047897338867,52.91516160964966,1.7599319219589233,
1.49351778,3.451437473297119,52.952500343322754,1.7570804357528687,
1.49351778,3.4516475200653076,52.99583983421326,1.756066918373108,
1.49351778,3.451681137084961,53.03639769554138,1.7548469305038452,
1.49351778,3.451472520828247,53.06865859031677,1.7535158395767212,
1.49351778,3.451120376586914,53.10737872123718,1.7516038417816162,
1.49351778,3.4505066871643066,53.151403188705444,1.7484568357467651,
1.49351778,3.449725389480591,53.20359992980957,1.7467976808547974,
1.49351778,3.449493885040283,53.234564542770386,1.7444733381271362,
1.49351778,3.4495136737823486,53.27242112159729,1.7429968118667603,
1.49351778,3.4496467113494873,53.30969977378845,1.741053581237793,
1.49351778,3.4498767852783203,53.35492563247681,1.7368804216384888,
1.49351778,3.449880599975586,53.392287492752075,1.734828233718872,
1.49351778,3.449488401412964,53.4356415271759,1.732465386390686,
1.49351778,3.4489564895629883,53.470993518829346,1.7305467128753662,
1.49351778,3.4483039379119873,53.51054406166077,1.7282979488372803,
1.49351778,3.4461472034454346,53.551275968551636,1.7235760688781738,
1.49351778,3.4450573921203613,53.59341883659363,1.7212605476379395,
1.49351778,3.443521022796631,53.63223385810852,1.7183475494384766,
1.49351778,3.4423410892486572,53.67304563522339,1.7161945104599,
1.49351778,3.441148519515991,53.70901846885681,1.7133634090423584,
1.49351778,3.4385273456573486,53.75475478172302,1.708644151687622,
1.49351778,3.437516927719116,53.79140114784241,1.706519603729248,
1.49351778,3.4364261627197266,53.83650994300842,1.7037099599838257,
1.49351778,3.4358205795288086,53.87846517562866,1.701348900794983,
1.49351778,3.435298442840576,53.91201639175415,1.6990139484405518,
1.49351778,3.433971881866455,53.95157194137573,1.6943694353103638,
1.49351778,3.4331769943237305,53.99620199203491,1.6917253732681274,
1.49351778,3.4318394660949707,54.03959774971008,1.6897908449172974,
1.49351778,3.430628538131714,54.07508897781372,1.6874921321868896,
1.49351778,3.429267406463623,54.110244274139404,1.6855006217956543,
1.49351778,3.427311420440674,54.14966797828674,1.6812193393707275,
1.49351778,3.4242141246795654,54.194045543670654,1.6800233125686646,
1.49351778,3.422255039215088,54.231348514556885,1.6775935888290405,
1.49351778,3.420938014984131,54.270198822021484,1.6759066581726074,
1.49351778,3.419760227203369,54.31318020820618,1.6746801137924194,
1.49351778,3.418487071990967,54.349639654159546,1.6711065769195557,
1.49351778,3.417320489883423,54.39581274986267,1.6700657606124878,
1.49351778,3.4170618057250977,54.43060350418091,1.6687049865722656,
1.49351778,3.4172277450561523,54.47416687011719,1.6679153442382812,
1.49351778,3.417693614959717,54.508624792099,1.666982650756836,
1.49351778,3.418565034866333,54.552733421325684,1.6650503873825073,
1.49351778,3.4196550846099854,54.59592604637146,1.6642091274261475,
1.49351778,3.419631242752075,54.636144161224365,1.6639323234558105,
1.49351778,3.418901205062866,54.679505586624146,1.6636989116668701,
1.49351778,3.4175524711608887,54.71057438850403,1.6636989116668701,
1.49351778,3.4149224758148193,54.75245213508606,1.6638559103012085,
1.49351778,3.40964674949646,54.79582452774048,1.6641128063201904,
1.49351778,3.4054040908813477,54.83003044128418,1.6646041870117188,
1.49351778,3.4017670154571533,54.87012505531311,1.665338158607483,
1.49351778,3.397545576095581,54.90784955024719,1.6664868593215942,
1.49351778,3.3863770961761475,54.95214867591858,1.6686956882476807,
1.49351778,3.381377935409546,54.99315023422241,1.6700763702392578,
1.49351778,3.37483549118042,55.03613066673279,1.6713361740112305,
1.49351778,3.3700408935546875,55.07339906692505,1.6736482381820679,
1.49351778,3.365398645401001,55.119879961013794,1.677243709564209,
1.49351778,3.354491949081421,55.15868425369263,1.6797637939453125,
1.49351778,3.349257230758667,55.19818043708801,1.68207848072052,
1.49351778,3.3416359424591064,55.23708724975586,1.6845290660858154,
1.49351778,3.3355228900909424,55.27454400062561,1.6875585317611694,
1.49351778,3.3293049335479736,55.31844520568848,1.6935687065124512,
1.49351778,3.3147926330566406,55.35649585723877,1.6966742277145386,
1.49351778,3.308661937713623,55.39654302597046,1.7002898454666138,
1.49351778,3.300602912902832,55.433947801589966,1.703701376914978,
1.49351778,3.2946956157684326,55.47702980041504,1.7075846195220947,
1.49351778,3.288867473602295,55.51982116699219,1.715599775314331,
1.49351778,3.274178981781006,55.5570228099823,1.7199690341949463,
1.49351778,3.26684308052063,55.59774351119995,1.7242406606674194,
1.49351778,3.2556710243225098,55.63572716712952,1.7289268970489502,
1.49351778,3.246189832687378,55.676666498184204,1.7337422370910645,
1.49351778,3.2356743812561035,55.71950554847717,1.7431718111038208,
1.49351778,3.220243453979492,55.75375771522522,1.7483612298965454,
1.49351778,3.195005416870117,55.7979576587677,1.753745675086975,
1.49351778,3.1776466369628906,55.83568739891052,1.758587121963501,
1.49351778,3.164780855178833,55.87897491455078,1.7640959024429321,
1.49351778,3.15211820602417,55.91473722457886,1.7695187330245972,
1.49351778,3.1233224868774414,55.95925450325012,1.7810301780700684,
1.49351778,3.1112492084503174,55.99459218978882,1.786789894104004,
1.49351778,3.095088481903076,56.03914785385132,1.792582631111145,
1.49351778,3.0827014446258545,56.07503056526184,1.7989163398742676,
1.49351778,3.0697309970855713,56.110573053359985,1.804811954498291,
1.49351778,3.0367720127105713,56.15584969520569,1.816260814666748,
1.49351778,3.021649122238159,56.1951630115509,1.8223761320114136,
1.49351778,3.0010581016540527,56.23579502105713,1.8286614418029785,
1.49351778,2.985356092453003,56.27469205856323,1.8349672555923462,
1.49351778,2.9694266319274902,56.316970109939575,1.8411935567855835,
1.49351778,2.930028200149536,56.35676312446594,1.8536525964736938,
1.49351778,2.912179470062256,56.39694046974182,1.8598482608795166,
1.49351778,2.8878095149993896,56.43471145629883,1.8660507202148438,
1.49351778,2.869370937347412,56.4804368019104,1.8783820867538452,
1.49351778,2.851066827774048,56.510621309280396,1.8783820867538452,
1.49351778,2.8267199993133545,56.5549201965332,1.8902113437652588,
1.49351778,2.790701389312744,56.59348392486572,1.8964844942092896,
1.49351778,2.7670979499816895,56.63728427886963,1.9022353887557983,
1.49351778,2.749509334564209,56.67303133010864,1.9078091382980347,
1.49351778,2.732095241546631,56.71467590332031,1.9126698970794678,
1.49351778,2.7090582847595215,56.75281620025635,1.924034833908081,
1.49351778,2.6749253273010254,56.80600166320801,1.929134726524353,
1.49351778,2.6523525714874268,56.838356494903564,1.935053825378418,
1.49351778,2.635467529296875,56.875417709350586,1.939917802810669,
1.49351778,2.618618965148926,56.91649913787842,1.9441744089126587,
1.49351778,2.596215009689331,56.95064377784729,1.9541056156158447,
1.49351778,2.5627195835113525,56.99512577056885,1.9583171606063843,
1.49351778,2.5404446125030518,57.03678297996521,1.9623435735702515,
1.49351778,2.523805856704712,57.07232427597046,1.9669744968414307,
1.49351778,2.507275104522705,57.114482164382935,1.9709833860397339,
1.49351778,2.4852089881896973,57.15082240104675,1.9743428230285645,
1.49351778,2.4521450996398926,57.192439794540405,1.9815582036972046,
1.49351778,2.4301090240478516,57.23362922668457,1.9851378202438354,
1.49351778,2.413616180419922,57.27498483657837,1.9874632358551025,
1.49351778,2.397042751312256,57.311585426330566,1.9904403686523438,
1.49351778,2.3750336170196533,57.35172653198242,1.9951869249343872,
1.49351778,2.3419761657714844,57.39184284210205,1.9972658157348633,
1.49351778,2.31998872756958,57.432589530944824,1.998934268951416,
1.49351778,2.303478717803955,57.47186589241028,2.0005083084106445,
1.49351778,2.2869386672973633,57.51116752624512,2.002586603164673,
1.49351778,2.264829397201538,57.55287575721741,2.0039546489715576,
1.49351778,2.231567144393921,57.592681646347046,2.0047616958618164,
1.49351778,2.2093136310577393,57.633625507354736,2.0050132274627686,
1.49351778,2.1925995349884033,57.667776346206665,2.0050811767578125,
1.49351778,2.1758532524108887,57.712623834609985,2.0050766468048096,
1.49351778,2.1363954544067383,57.75079894065857,2.0041911602020264,
1.49351778,2.119396209716797,57.79262399673462,2.003030776977539,
1.49351778,2.096555709838867,57.8333842754364,2.002577781677246,
1.49351778,2.07940936088562,57.87174916267395,2.000391721725464,
1.49351778,2.062337875366211,57.90991163253784,1.9988651275634766,
1.49351778,2.039632558822632,57.95174527168274,1.9946317672729492,
1.49351778,2.005617618560791,57.99372673034668,1.9924060106277466,
1.49351778,1.9829354286193848,58.03110718727112,1.9898409843444824,
1.49351778,1.9659254550933838,58.07002544403076,1.9867759943008423,
1.49351778,1.9489367008209229,58.11699652671814,1.9802398681640625,
1.49351778,1.909208059310913,58.15365123748779,1.9773228168487549,
1.49351778,1.8921853303909302,58.19963192939758,1.9730241298675537,
1.49351778,1.8695669174194336,58.23470735549927,1.9686405658721924,
1.49351778,1.8526078462600708,58.27509379386902,1.964726448059082,
1.49351778,1.835707187652588,58.31274890899658,1.9599586725234985,
1.49351778,1.7962017059326172,58.356794118881226,1.950438141822815,
1.49351778,1.7792582511901855,58.39602279663086,1.9450945854187012,
1.49351778,1.7566217184066772,58.434246301651,1.9400829076766968,
1.49351778,1.739626169204712,58.477108001708984,1.934700608253479,
1.49351778,1.722684621810913,58.51971364021301,1.9229305982589722,
1.49351778,1.7002191543579102,58.555180072784424,1.9168846607208252,
1.49351778,1.666542887687683,58.59442710876465,1.9107364416122437,
1.49351778,1.6441099643707275,58.63707518577576,1.9043691158294678,
1.49351778,1.627305507659912,58.67590403556824,1.8980371952056885,
1.49351778,1.6105327606201172,58.71012616157532,1.891380786895752,
1.49351778,1.5712602138519287,58.755699634552,1.8785029649734497,
1.49351778,1.5544037818908691,58.80027747154236,1.8718042373657227,
1.49351778,1.5318641662597656,58.83748960494995,1.8646481037139893,
1.49351778,1.5149582624435425,58.87423491477966,1.8572076559066772,
1.49351778,1.498064398765564,58.91774344444275,1.842355728149414,
1.49351778,1.4586784839630127,58.95289897918701,1.8356348276138306,
1.49351778,1.4418017864227295,58.997681856155396,1.8273253440856934,
1.49351778,1.4193339347839355,59.035996437072754,1.8203058242797852,
1.49351778,1.4025059938430786,59.071669816970825,1.8130348920822144,
1.49351778,1.3856711387634277,59.11442685127258,1.8060556650161743,
1.49351778,1.3463270664215088,59.1529643535614,1.789797306060791,
1.49351778,1.329420804977417,59.20471167564392,1.7825229167938232,
1.49351778,1.3068435192108154,59.236021280288696,1.7753363847732544,
1.49351778,1.2898751497268677,59.26891088485718,1.7682316303253174,
1.49351778,1.272894263267517,59.30980730056763,1.7607734203338623,
1.49351778,1.2329027652740479,59.351980686187744,1.7453974485397339,
1.49351778,1.215504765510559,59.39117169380188,1.7378103733062744,
1.49351778,1.19258451461792,59.43381452560425,1.7308937311172485,
1.49351778,1.1753416061401367,59.47100567817688,1.7235769033432007,
1.49351778,1.1581833362579346,59.5119423866272,1.716747522354126,
1.49351778,1.1356226205825806,59.551297664642334,1.703372836112976,
1.49351778,1.1038089990615845,59.60071349143982,1.6961028575897217,
1.49351778,1.0849663019180298,59.63237237930298,1.6895042657852173,
1.49351778,1.0724061727523804,59.67297387123108,1.6829252243041992,
1.49351778,1.0611015558242798,59.71056079864502,1.677227258682251,
1.49351778,1.0508594512939453,59.75145220756531,1.664553165435791,
1.49351778,1.0294004678726196,59.7950496673584,1.6583385467529297,
1.49351778,1.0175015926361084,59.83485722541809,1.6529855728149414,
1.49351778,1.0084515810012817,59.87358522415161,1.6476542949676514,
1.49351778,0.9991863369941711,59.911993741989136,1.6421579122543335,
1.49351778,0.9865009784698486,59.952383518218994,1.6319515705108643,
1.49351778,0.966761589050293,59.99185919761658,1.627289056777954,
1.49351778,0.9532569050788879,60.029789209365845,1.6225992441177368,
1.49351778,0.9430415034294128,60.07211232185364,1.617671012878418,
1.49351778,0.9327100515365601,60.11201333999634,1.6139864921569824,
1.49351778,0.9080550074577332,60.15688371658325,1.6065404415130615,
1.49351778,0.8973350524902344,60.20015573501587,1.602768898010254,
1.49351778,0.8828454613685608,60.23590874671936,1.5997742414474487,
1.49351778,0.8719468116760254,60.26838541030884,1.5962103605270386,
1.49351778,0.8609572649002075,60.31064486503601,1.5939971208572388,
1.49351778,0.8350511789321899,60.35422992706299,1.5887647867202759,
1.49351778,0.8239673376083374,60.39426112174988,1.5868226289749146,
1.49351778,0.809014081954956,60.43190836906433,1.5850155353546143,
1.49351778,0.7977241277694702,60.469136476516724,1.5835442543029785,
1.49351778,0.7864177227020264,60.51383399963379,1.5819027423858643,
1.49351778,0.7712801098823547,60.54997944831848,1.580093502998352,
1.49351778,0.744864284992218,60.59299349784851,1.579627513885498,
1.49351778,0.7335492372512817,60.63181805610657,1.579143762588501,
1.49351778,0.7223721146583557,60.67190504074097,1.5789610147476196,
1.49351778,0.711157500743866,60.71170425415039,1.5790355205535889,
1.49351778,0.6852030158042908,60.75058603286743,1.5799893140792847,
1.49351778,0.6741554737091064,60.79481363296509,1.580778956413269,
1.49351778,0.6594333648681641,60.83427286148071,1.581574559211731,
1.49351778,0.6483551263809204,60.871954679489136,1.5826855897903442,
1.49351778,0.6263363361358643,60.919063091278076,1.5863982439041138,
1.49351778,0.6117100119590759,60.95492434501648,1.5882648229599,
1.49351778,0.6007838249206543,60.990647077560425,1.5900019407272339,
1.49351778,0.5863611698150635,61.032824993133545,1.5929484367370605,
1.49351778,0.575656533241272,61.07277226448059,1.59506356716156,
1.49351778,0.5650238990783691,61.11362910270691,1.597641110420227,
1.49351778,0.5404148697853088,61.15437722206116,1.6037209033966064,
1.49351778,0.530032217502594,61.192338705062866,1.6074448823928833,
1.49351778,0.5164185166358948,61.232720375061035,1.6104952096939087,
1.49351778,0.5064778923988342,61.26986384391785,1.614484429359436,
1.49351778,0.4967694580554962,61.3176794052124,1.61776602268219,
1.49351778,0.47462326288223267,61.35664510726929,1.6262208223342896,
1.49351778,0.4652099013328552,61.39559197425842,1.6300287246704102,
1.49351778,0.45585963129997253,61.43978548049927,1.6347875595092773,
1.49351778,0.44358012080192566,61.47127437591553,1.639123797416687,
1.49351778,0.43452444672584534,61.51456260681152,1.6437389850616455,
1.49351778,0.4139682650566101,61.55473303794861,1.6534181833267212,
1.49351778,0.40513095259666443,61.5929434299469,1.658117651939392,
1.49351778,0.3933570683002472,61.637446880340576,1.6632602214813232,
1.49351778,0.38463082909584045,61.67359900474548,1.668433666229248,
1.49351778,0.3759593963623047,61.71805500984192,1.6738818883895874,
1.49351778,0.35598963499069214,61.75429701805115,1.6840274333953857,
1.49351778,0.3475177586078644,61.792978048324585,1.6895462274551392,
1.49351778,0.3361169993877411,61.83781671524048,1.6947742700576782,
1.49351778,0.32752129435539246,61.87605023384094,1.7003334760665894,
1.49351778,0.3188876807689667,61.91435885429382,1.7055790424346924,
1.49351778,0.3073626458644867,61.95252847671509,1.716556191444397,
1.49351778,0.2901753783226013,61.99371671676636,1.7222061157226562,
1.49351778,0.2787630259990692,62.03781270980835,1.7279026508331299,
1.49351778,0.2703585922718048,62.07901692390442,1.7327995300292969,
1.49351778,0.25826239585876465,62.11879825592041,1.7434285879135132,
1.49351778,0.25826239585876465,62.15221810340881,1.7434285879135132,
1.49351778,0.2661570608615875,62.19514274597168,1.7543927431106567,
1.49351778,0.2707708775997162,62.23643779754639,1.7595754861831665,
1.49351778,0.2731531262397766,62.27277183532715,1.764641523361206,
1.49351778,0.27432242035865784,62.31613564491272,1.7694945335388184,
1.49351778,0.2741004526615143,62.350913286209106,1.7797714471817017,
1.49351778,0.2638506293296814,62.393139600753784,1.7842929363250732,
1.49351778,0.2582952380180359,62.435404777526855,1.7890583276748657,
1.49351778,0.26025390625,62.47537183761597,1.7939972877502441,
1.49351778,0.26251327991485596,62.514129638671875,1.7989250421524048,
1.49351778,0.26024329662323,62.553922176361084,1.8074077367782593,
1.49351778,0.26103675365448,62.595757246017456,1.8118762969970703,
1.49351778,0.26113495230674744,62.63511848449707,1.8153767585754395,
1.49351778,0.2614443898200989,62.673269510269165,1.8197245597839355,
1.49351778,0.26183226704597473,62.71540021896362,1.8232405185699463,
1.49351778,0.26228219270706177,62.751829385757446,1.830991506576538,
1.49351778,0.26322755217552185,62.78918194770813,1.8344807624816895,
1.49351778,0.2637160122394562,62.83494234085083,1.8381381034851074,
1.49351778,0.2640915513038635,62.86905765533447,1.840955376625061,
1.49351778,0.26445865631103516,62.90972018241882,1.8441425561904907,
1.49351778,0.26520201563835144,62.958577394485474,1.8494741916656494,
1.49351778,0.2654690742492676,62.99414873123169,1.8525336980819702,
1.49351778,0.2657957375049591,63.03468346595764,1.8541544675827026,
1.49351778,0.2660059630870819,63.075361251831055,1.857066035270691,
1.49351778,0.2661847174167633,63.11286211013794,1.8591135740280151,
1.49351778,0.2665426731109619,63.15502858161926,1.8623991012573242,
1.49351778,0.2666766047477722,63.20252442359924,1.8643628358840942,
1.49351778,0.26683539152145386,63.23473501205444,1.8658161163330078,
1.49351778,0.2669345736503601,63.27382946014404,1.8667556047439575,
1.49351778,0.26700878143310547,63.31335735321045,1.8677960634231567,
1.49351778,0.26709258556365967,63.35078048706055,1.8689652681350708,
1.49351778,0.2670944333076477,63.39269709587097,1.8708152770996094,
1.49351778,0.26707664132118225,63.43577718734741,1.8714309930801392,
1.49351778,0.26703935861587524,63.470606088638306,1.8717092275619507,
1.49351778,0.2669875919818878,63.51062273979187,1.87192964553833,
1.49351778,0.2667781114578247,63.55564212799072,1.8720440864562988,
1.49351778,0.26665782928466797,63.59426784515381,1.8719987869262695,
1.49351778,0.26647117733955383,63.63344478607178,1.8718721866607666,
1.49351778,0.26632094383239746,63.672555685043335,1.871681809425354,
1.49351778,0.2661648094654083,63.70818567276001,1.8713622093200684,
1.49351778,0.2659553587436676,63.75109577178955,1.8703160285949707,
1.49351778,0.2656388282775879,63.79015779495239,1.8689993619918823,
1.49351778,0.2654518187046051,63.833858489990234,1.8676376342773438,
1.49351778,0.2653213143348694,63.87509226799011,1.8667634725570679,
1.49351778,0.26520273089408875,63.91053581237793,1.8659595251083374,
1.49351778,0.26490581035614014,63.95141553878784,1.8640159368515015,
1.49351778,0.26479095220565796,63.99398589134216,1.862615942955017,
1.49351778,0.26465946435928345,64.0325117111206,1.8606536388397217,
1.49351778,0.26457035541534424,64.07007575035095,1.8595085144042969,
1.49351778,0.26448774337768555,64.11062145233154,1.85823655128479,
1.49351778,0.2643857002258301,64.15187525749207,1.8570135831832886,
1.49351778,0.26427480578422546,64.19060826301575,1.8532212972640991,
1.49351778,0.26422950625419617,64.23389172554016,1.8520761728286743,
1.49351778,0.2641911804676056,64.27264952659607,1.8502572774887085,
1.49351778,0.26413553953170776,64.30945205688477,1.8478857278823853,
1.49351778,0.26402318477630615,64.35233998298645,1.845258116722107,
1.49351778,0.2639673054218292,64.39122867584229,1.8432883024215698,
1.49351778,0.26388078927993774,64.43921113014221,1.841254711151123,
1.49351778,0.26381367444992065,64.47103500366211,1.8400543928146362,
1.49351778,0.2637385427951813,64.51845812797546,1.8382142782211304,
1.49351778,0.2635645568370819,64.5599524974823,1.834438443183899,
1.49351778,0.2634992301464081,64.5965735912323,1.8333276510238647,
1.49351778,0.26342955231666565,64.63601350784302,1.8314008712768555,
1.49351778,0.26339036226272583,64.6722617149353,1.8291640281677246,
1.49351778,0.2633683681488037,64.71599078178406,1.8278865814208984,
1.49351778,0.2633475661277771,64.75774574279785,1.8249778747558594,
1.49351778,0.2633436322212219,64.7913498878479,1.8222055435180664,
1.49351778,0.26334965229034424,64.83602929115295,1.8216471672058105,
1.49351778,0.26336103677749634,64.87334179878235,1.820438265800476,
1.49351778,0.2633762061595917,64.9075493812561,1.819632649421692,
1.49351778,0.2634356915950775,64.95358061790466,1.8168225288391113,
1.49351778,0.26348063349723816,65.00019121170044,1.815338373184204,
1.49351778,0.26353389024734497,65.03568863868713,1.8143789768218994,
1.49351778,0.2635696232318878,65.07295536994934,1.8136392831802368,
1.49351778,0.26360517740249634,65.1137797832489,1.8129770755767822,
1.49351778,0.2636732757091522,65.1606514453888,1.8114845752716064,
1.49351778,0.2636968791484833,65.19610404968262,1.8108125925064087,
1.49351778,0.26372241973876953,65.24019980430603,1.8100788593292236,
1.49351778,0.2637384831905365,65.27406692504883,1.8096400499343872,
1.49351778,0.2637503147125244,65.30999898910522,1.8092069625854492,
1.49351778,0.263764351606369,65.35645079612732,1.8090388774871826,
1.49351778,0.26377901434898376,65.39767098426819,1.8090238571166992,
1.49351778,0.26380202174186707,65.4368302822113,1.8090473413467407,
1.49351778,0.26381775736808777,65.47126960754395,1.809183955192566,
1.49351778,0.2638344466686249,65.51807641983032,1.8096414804458618,
1.49351778,0.26384490728378296,65.55476760864258,1.8100428581237793,
1.49351778,0.26385724544525146,65.59118223190308,1.8108490705490112,
1.49351778,0.26388123631477356,65.63421273231506,1.8117092847824097,
1.49351778,0.2638934254646301,65.67387795448303,1.8122055530548096,
1.49351778,0.263904869556427,65.71759009361267,1.8129875659942627,
1.49351778,0.26391950249671936,65.75695657730103,1.813672423362732,
1.49351778,0.263931542634964,65.79217648506165,1.8153858184814453,
1.49351778,0.2639405429363251,65.83448839187622,1.8162899017333984,
1.49351778,0.2639400064945221,65.8702323436737,1.8180311918258667,
1.49351778,0.26390156149864197,65.92160058021545,1.8202853202819824,
1.49351778,0.2638600766658783,65.95343899726868,1.8214284181594849,
1.49351778,0.2638600766658783,65.9894208908081,1.8227267265319824,
1.49351778,0.2637324035167694,66.03297567367554,1.824568748474121,
1.49351778,0.2636689245700836,66.07056522369385,1.8259443044662476,
1.49351778,0.26358893513679504,66.11250638961792,1.8273890018463135,
1.49351778,0.26347899436950684,66.153244972229,1.8305898904800415,
1.49351778,0.26332926750183105,66.19770002365112,1.8322519063949585,
1.49351778,0.2632319927215576,66.23268747329712,1.8341132402420044,
1.49351778,0.26316994428634644,66.27421617507935,1.8354401588439941,
1.49351778,0.2631017565727234,66.30876207351685,1.8377050161361694,
1.49351778,0.2629469037055969,66.35526919364929,1.8407093286514282,
1.49351778,0.26288899779319763,66.39404964447021,1.8421239852905273,
1.49351778,0.26281365752220154,66.43503761291504,1.8442952632904053,
1.49351778,0.2627616822719574,66.47888398170471,1.8462620973587036,
1.49351778,0.2627156376838684,66.508056640625,1.84722900390625,
1.49351778,0.2626759707927704,66.55194759368896,1.850786805152893,
1.49351778,0.26267510652542114,66.59567666053772,1.8524221181869507,
1.49351778,0.26270124316215515,66.63661408424377,1.8534518480300903,
1.49351778,0.26273348927497864,66.67490077018738,1.854489803314209,
1.49351778,0.2627657651901245,66.71010231971741,1.8567646741867065,
1.49351778,0.26283037662506104,66.75354886054993,1.858779788017273,
