6.82955181903125,1.633717719790255,0.0002193450927734375,
6.804528992960089,1.5676591018488661,0.07770752906799316,
6.7937324773797965,1.491945541094454,0.15775704383850098,
6.794883555884066,1.417576584105123,0.2379143238067627,
6.792460861439523,1.3413198873448877,0.31897592544555664,
6.780349961532046,1.2634648252977212,0.3989858627319336,
6.755788111210571,1.1842587335233357,0.47930479049682617,
6.716686911077157,1.1041043822187109,0.5591738224029541,
6.662184650388038,1.023575490726003,0.6397488117218018,
6.593733422737033,0.9432203001073732,0.7181868553161621,
6.514240488714199,0.8674546715237997,0.7981185913085938,
6.427574130950625,0.7847541671520024,0.8786842823028564,
6.3378938783910765,0.7112784474734545,0.9601306915283203,
6.2486113578630125,0.6319874244764262,1.0384795665740967,
6.16221480858309,0.558758334699093,1.1187772750854492,
6.08019585671365,0.4880494298063094,1.1987085342407227,
6.003182090925092,0.42350271376164766,1.2801194190979004,
5.931164442339981,0.355454358709568,1.3594732284545898,
5.863338259992546,0.2971655529114451,1.437652349472046,
5.79866858087964,0.23666830989284882,1.5187957286834717,
5.736267687094496,0.183111382612794,1.5989618301391602,
5.6753692247414795,0.13378238587314056,1.6799159049987793,
5.615581813083376,0.08890540257472035,1.7604365348815918,
5.556771953709151,0.048659604724108414,1.839845895767212,
5.4990316682479365,0.01314384350595276,1.9210543632507324,
5.442639589016743,-0.017567105578057577,2.000351905822754,
5.388085906085464,-0.04344137068578428,2.0801608562469482,
5.335956304324136,-0.06449812188706953,2.1601686477661133,
5.286571311912058,-0.08010233792045109,2.239999294281006,
5.240245475350389,-0.09246935983631181,2.3189170360565186,
5.197430860469711,-0.0993559210219562,2.398711919784546,
5.158509464463798,-0.10236506736262523,2.478327989578247,
5.123742518718119,-0.1009080747889022,2.5579566955566406,
5.09305781512325,-0.09543217975852705,2.638400077819824,
5.066290346301216,-0.08672098451209075,2.717986583709717,
5.0432764083596275,-0.07339641063892252,2.798370599746704,
5.023959762582211,-0.05740583297466509,2.877997875213623,
5.008310664127864,-0.039513038516260604,2.958867311477661,
4.995951267302107,-0.018122555132600412,3.0386433601379395,
4.986613995090332,0.006838076494585763,3.1192188262939453,
4.9802683657902564,0.032665726640074236,3.198643207550049,
4.977129890605958,0.05877912275691603,3.2783303260803223,
4.977273414160923,0.08910383675254492,3.358227014541626,
4.980296780446511,0.11757840787212616,3.4384803771972656,
4.9858375671868185,0.1498339142816878,3.51823353767395,
4.99376847389365,0.17938483430255353,3.598865032196045,
5.004010801476209,0.21051380775547857,3.678513288497925,
5.016417227014524,0.24132482934451288,3.759709596633911,
5.030563522794688,0.27294789378843265,3.83870792388916,
5.045345686485114,0.3005798624685721,3.918252944946289,
5.0631611663423755,0.32970214732025666,3.9985411167144775,
5.081645450379368,0.3545069430013568,4.079014778137207,
5.101553059191308,0.3798560844747635,4.159056663513184,
5.1225949008427625,0.40147961874860144,4.238795518875122,
5.144443448737902,0.42017180529655124,4.320323705673218,
5.166948571058013,0.43563578128619573,4.399710416793823,
5.189963055591526,0.44781954491107806,4.47960901260376,
5.213316952292937,0.4568883974172671,4.5591418743133545,
5.236735487091755,0.4631853995604868,4.638641357421875,
5.2597743517617825,0.4671438567398819,4.719158887863159,
5.282118721876516,0.4691912715802244,4.799017667770386,
5.303693570198246,0.4696555170995558,4.878945827484131,
5.324290929499694,0.46871878887297436,4.959406137466431,
5.343578884193616,0.4664133870958583,5.040323734283447,
5.3614423430990445,0.4626577785255422,5.121142148971558,
5.377925432122875,0.4573227785528979,5.200876951217651,
5.393093198375124,0.45032363469182674,5.2808966636657715,
5.406939048899677,0.44169331200111506,5.361090421676636,
5.419356576935763,0.4316292982284625,5.440607070922852,
5.43024986454682,0.42049210632580797,5.521268606185913,
5.43969337116352,0.4087849722257574,5.600531101226807,
5.4477624227816435,0.39708788803788203,5.680533409118652,
5.45445973628243,0.3859766119092505,5.760320663452148,
5.459680342916568,0.37594768234910325,5.841705799102783,
5.463434150862589,0.3673677674003644,5.919978618621826,
5.465919913937987,0.3604693118627438,6.000007629394531,
5.467374059727834,0.35535967821697645,6.079172611236572,
5.4680726975400225,0.3520661965859918,6.159224510192871,
5.4680055195612285,0.35059574367322033,6.23897123336792,
5.467238679225791,0.3509996447971739,6.318689823150635,
5.466086365237638,0.35341034393337395,6.39929723739624,
5.464897527449083,0.35805194902076976,6.479459285736084,
5.4638601844986745,0.36522722151995524,6.559088468551636,
5.462933185064325,0.3752841659704976,6.638849496841431,
5.462209414304091,0.38854568872123113,6.719003915786743,
5.461976104391404,0.4052579008582971,6.79949688911438,
5.462584405661493,0.42554805533099455,6.878772735595703,
5.464254109366758,0.44942914011616525,6.959068298339844,
5.4671275361010245,0.47678100941539775,7.03894305229187,
5.471353124349056,0.5073848591746778,7.118683815002441,
5.4771359610225305,0.5409761800153386,7.199354410171509,
5.484712512276484,0.5773033821632365,7.279412269592285,
5.494305658309539,0.6161786821264538,7.358683824539185,
5.505960069058975,0.65743840422356,7.438637971878052,
5.519655943133526,0.7009645948007791,7.518983602523804,
5.5355096925629885,0.7466595111245373,7.599069833755493,
5.5536707064060185,0.7944523055621745,7.680296182632446,
5.574116638146097,0.8441959022363886,7.760964870452881,
5.596621733100201,0.8956510031215649,7.841124773025513,
5.621080563988348,0.948490138686377,7.920260429382324,
5.6475369048169695,1.0023224200269072,8.000869989395142,
5.676103048812678,1.0567339537103888,8.08046579360962,
5.706809181035411,1.1112434530554478,8.160521745681763,
5.739346527594377,1.165382440690528,8.239134550094604,
5.7734519931109585,1.2187232266608559,8.319605827331543,
5.809183790408055,1.2709389368738335,8.39980697631836,
5.846640910699389,1.3217276955531683,8.47969913482666,
5.885818765037551,1.3708188614007182,8.560327053070068,
5.926351014582391,1.4179703532805021,8.639790296554565,
5.967934203883413,1.462961092849079,8.719762802124023,
6.010485977203856,1.5055828559631415,8.80046534538269,
6.0538892368100585,1.5455689354971804,8.881925821304321,
6.097777140671748,1.5826373158304166,8.960559606552124,
6.141751351942605,1.6165021616211293,9.04042363166809,
6.185511981801077,1.6469199915809005,9.120405673980713,
6.229043508225243,1.673686939260025,9.200306177139282,
6.272236883975878,1.6966806330758553,9.281766414642334,
6.314860248447831,1.715804686681469,9.361288785934448,
6.356604009629126,1.7309613485928377,9.440540075302124,
6.397197909423227,1.7419816708348728,9.521481037139893,
6.436491375667115,1.748686923379317,9.601018905639648,
6.474276587913451,1.7509905131370664,9.681113004684448,
6.510278502221978,1.7489201812736284,9.761191606521606,
6.545654249232705,1.7422009158252516,9.855160474777222,
6.575153268086111,1.7323540066884893,9.927975177764893,
6.603634693744199,1.7184319360647955,10.008274555206299,
6.62954584988226,1.7011817669285338,10.086817979812622,
6.652969511294063,1.6808754968792006,10.166121244430542,
6.673642550124785,1.6576886640920014,10.246397733688354,
6.691316847758758,1.6317266350330537,10.324125528335571,
6.706016182777328,1.6030334113419862,10.403165817260742,
6.717897366523374,1.5716341232840478,10.483066320419312,
6.7269388235026275,1.5375577934924929,10.563624620437622,
6.732928575402245,1.5009276933678728,10.643152475357056,
6.735903227691592,1.4619739159101277,10.723453044891357,
6.7360225835432415,1.4210156793009032,10.802679300308228,
6.733379268728456,1.3805791446240352,10.8822762966156,
6.727909689938587,1.3345399051524542,10.962183237075806,
6.719290189837715,1.2920015979523372,11.041590213775635,
6.707331558627991,1.2443176270985772,11.122925043106079,
6.692138804547207,1.2007748747509184,11.201975584030151,
6.67401624948518,1.1523279920236762,11.282575368881226,
6.653351266360966,1.1058960686182069,11.362110376358032,
6.630179085148845,1.0615578280232596,11.445313930511475,
6.604570477803015,1.014656042755105,11.521373748779297,
6.576830514958151,0.967573768879914,11.601073980331421,
6.547419761689865,0.9203643935163885,11.681672096252441,
6.516727540810371,0.8731552700438382,11.76187801361084,
6.484545236370578,0.8237772938679316,11.841824054718018,
6.450777416007202,0.7771366592017175,11.922032117843628,
6.415516408135654,0.7310002274586317,12.002690553665161,
6.379062675259081,0.6877490151426257,12.082717180252075,
6.341660964711136,0.6406682611483899,12.161816120147705,
6.3031938409523764,0.5987563209250065,12.241822004318237,
6.263641206226508,0.5553110913233528,12.323038578033447,
6.22322235854935,0.5103424193890137,12.401712894439697,
6.182363119326713,0.47017669045807003,12.482694149017334,
6.141377785146402,0.42631109123556366,12.561947584152222,
6.100074965204973,0.38505949027798037,12.642338037490845,
6.058450299340459,0.344314922837691,12.722247123718262,
6.016602187159373,0.30412790518724014,12.802375793457031,
5.974748922022638,0.26457705879065196,12.88276481628418,
5.933213997948852,0.2257561009299993,12.962994813919067,
5.893766492946159,0.18962916423028875,13.043182849884033,
5.849853756648632,0.15245455698928054,13.122161865234375,
5.807974546399147,0.1144081017408785,13.202083587646484,
5.766443082156135,0.08088795036943883,13.281938314437866,
5.725561538634981,0.04482203062666597,13.362043380737305,
5.685201967327,0.011371105098124038,13.442582845687866,
5.6452779522086765,-0.02125274403773892,13.522201538085938,
5.605857128756352,-0.05150084263716717,13.603482723236084,
5.567194750609341,-0.08256802972734424,13.682162046432495,
5.52940993026782,-0.11429649106365947,13.763342380523682,
5.492066170528999,-0.14363114914256192,13.843187808990479,
5.454999203657806,-0.17198618901056492,13.922821521759033,
5.4183434135693735,-0.19920379949692313,14.004189491271973,
5.382257597419981,-0.22514431073243124,14.082918167114258,
5.346918553083675,-0.24972928649415455,14.163118600845337,
5.3121666867837956,-0.2729071549022098,14.242746829986572,
5.2779907420428875,-0.2946531541568533,14.32249641418457,
5.244624976830777,-0.3149609265377834,14.402429819107056,
5.2123347003723275,-0.33393569444949156,14.482544660568237,
5.18131818877382,-0.35181839494202977,14.562167406082153,
5.151232047311666,-0.36863828397848525,14.64182996749878,
5.121912881998941,-0.38413820342436444,14.722952842712402,
5.093536089765067,-0.39780147358481616,14.802291870117188,
5.066412634735269,-0.4089473213818361,14.882566928863525,
5.040769375675993,-0.4168403492036107,14.962499380111694,
5.016493114833877,-0.42083108680631487,15.042901277542114,
4.993532737690665,-0.42046684411508345,15.122817993164062,
4.971912512554807,-0.41555529162509064,15.20258355140686,
4.951875534597971,-0.4061721244093992,15.282057523727417,
4.9337781420362905,-0.39260615939561855,15.362586259841919,
4.917549177487947,-0.37524021226671894,15.442260026931763,
4.903206689976017,-0.3544173839640499,15.52206301689148,
4.891047204869601,-0.33030570389314157,15.603362798690796,
4.881466166750387,-0.3028642521541002,15.682631015777588,
4.874708415741863,-0.2718467003485063,15.762820959091187,
4.870529350995386,-0.23685910733469895,15.842567920684814,
4.8689373724782135,-0.19745178250209983,15.922724962234497,
4.870174897778213,-0.1532166165337528,16.0036723613739,
4.8743366657449165,-0.10394937871989293,16.082610607147217,
4.881486179312853,-0.049671599303735624,16.162484884262085,
4.891520693822273,0.009371076061917848,16.24339723587036,
4.904456614438869,0.07281813093894052,16.322938442230225,
4.920507350413488,0.14019488967930227,16.40412139892578,
4.9399901058128375,0.21101622857095034,16.484103202819824,
4.963169416195496,0.2848795533923377,16.563138246536255,
4.989907838770615,0.3615288613597909,16.64411425590515,
5.020090875684232,0.4408800579821681,16.723938941955566,
5.053837293078355,0.5228114547873046,16.80345869064331,
5.091278238612841,0.6072580510878735,16.88297939300537,
5.13233538013678,0.694159541889777,16.96433711051941,
5.176570747256328,0.7834372667396773,17.042712211608887,
5.223713704570916,0.8748250071513582,17.122955322265625,
5.273976325540982,0.96788447725087,17.20338201522827,
5.327511750478904,1.062055783311826,17.28306221961975,
5.384355027338216,1.1567319706700145,17.362765550613403,
5.444200391837478,1.2513409578689312,17.44210171699524,
5.5067970788541345,1.3452592810828317,17.523292779922485,
5.572099738501863,1.4379281550009388,17.602593183517456,
5.640058899221832,1.5288662158836388,17.68269371986389,
5.710497473251786,1.617736206942413,17.763965129852295,
5.782828881741227,1.704187113784346,17.84402346611023,
5.856650346238843,1.7878518288077743,17.92413640022278,
5.931922265464539,1.8683523945624843,18.003559589385986,
6.008491628324148,1.945345055687925,18.084349870681763,
6.085920460900796,2.0183980307162743,18.163902282714844,
6.163647538245753,2.08694636347008,18.242984771728516,
6.241265949320038,2.150411516819376,18.322864770889282,
6.3186864550317186,2.2082404933329682,18.403029680252075,
6.395723754226092,2.259982830551887,18.483049869537354,
6.471973976774736,2.305233316608446,18.562822103500366,
6.547013713431414,2.3436708522728944,18.642804622650146,
6.62049030165839,2.3750733301911957,18.72238802909851,
6.692236619134832,2.3982545510136655,18.803407907485962,
6.762032951659193,2.4161563752125437,18.88311004638672,
6.82932286288714,2.4254371635644354,18.963592529296875,
6.893415569355457,2.4269670196757147,19.043015480041504,
6.953784641305096,2.4207074313919277,19.1229407787323,
7.010199974625635,2.4067917128271956,19.20416784286499,
7.062432356641693,2.385525028118376,19.283497095108032,
7.110167742028158,2.357324087845001,19.36278772354126,
7.152708296975251,2.322629709451977,19.445135831832886,
7.189561943120085,2.2839958464076826,19.522783041000366,
7.220786359593955,2.237602733699588,19.60300040245056,
7.246533370250784,2.185487177751742,19.683388233184814,
7.266899026857057,2.1277440475387253,19.76448631286621,
7.281782430075704,2.0611601958595505,19.843427658081055,
7.291169921942165,1.9957400815990163,19.924548625946045,
7.295128454467095,1.9179428360868933,20.00395941734314,
7.293765946210799,1.838852503803101,20.08328366279602,
7.286867298351852,1.7554321568180475,20.164618015289307,
7.274018386779192,1.672696881931147,20.24374771118164,
7.254948950352223,1.57790624512826,20.323694467544556,
7.229856529777384,1.4850022552010513,20.403788089752197,
7.1991173029076565,1.390174698865687,20.483577013015747,
7.162988651198901,1.2988114510898188,20.563772439956665,
7.121453741156717,1.1968992011554478,20.643707036972046,
7.074683535903696,1.0993187371826958,20.724553108215332,
7.02304651684528,1.0065769073408324,20.804765224456787,
6.967036659329878,0.9044751490062007,20.886220693588257,
6.907233408163372,0.8129014416186372,20.964683294296265,
6.843740088370423,0.7130446054416154,21.044403791427612,
6.776735024451166,0.6197661664883386,21.124609231948853,
6.706551018210273,0.5287821379440594,21.204429864883423,
6.633618322760593,0.4405679863150401,21.285040855407715,
6.558447049192342,0.3554905917903189,21.364991426467896,
6.4811070623257425,0.273927556201961,21.445311307907104,
6.401863091642892,0.19998334048059874,21.524765491485596,
6.3213448395850955,0.12254784128050321,21.605085372924805,
6.2403755598881725,0.05663982406847483,21.684465408325195,
6.15965345442217,-0.011384889351387005,21.76426076889038,
6.079311224168081,-0.0712480639151925,21.844008207321167,
5.999531112696716,-0.12612031315550032,21.924489974975586,
5.920784330803669,-0.17586870193366338,22.004288911819458,
5.843621693288182,-0.2183372769737448,22.084743976593018,
5.7685951265377,-0.2597966554356112,22.164403200149536,
5.695948861676757,-0.2939114146682219,22.244465589523315,
5.625825441242073,-0.3214839193605626,22.324589252471924,
5.558327909955606,-0.34546511101729294,22.405029296875,
5.49372385682649,-0.36517772176716307,22.485156059265137,
5.432377878578111,-0.37884661265400504,22.565145254135132,
5.37429189772999,-0.38765987266646557,22.6452796459198,
5.3194949734445665,-0.39177218776296363,22.725416660308838,
5.268177172452608,-0.39149123687723025,22.80491852760315,
5.2206229175187095,-0.38698732897117477,22.885076761245728,
5.177092850644372,-0.3784174662405654,22.96511721611023,
5.137360893000115,-0.3660752152958415,23.044626474380493,
5.101250092080558,-0.350274289546179,23.124716758728027,
5.06890973385044,-0.3302838204877168,23.204705715179443,
5.040679888195292,-0.3083069302248107,23.285295963287354,
5.016876423383957,-0.2837377215139787,23.365368127822876,
4.997218004597454,-0.25821727107016135,23.44550108909607,
4.981433525836989,-0.22778005115611347,23.524876832962036,
4.969405817129533,-0.19842102043116314,23.60571002960205,
4.961103794364916,-0.1642187787009761,23.68505072593689,
4.956472091323829,-0.13021909782562407,23.764881134033203,
4.955095806940835,-0.09513062780345846,23.844988107681274,
4.956670781182951,-0.05938327146898922,23.925926208496094,
4.961024841638727,-0.02350171570311302,24.006348371505737,
4.968121229077724,0.012058315712393096,24.08652091026306,
4.977813601686804,0.04696726084943015,24.167144536972046,
4.989822264709024,0.08108379091648353,24.24616026878357,
5.003917444491009,0.11441637622766557,24.327222108840942,
5.019954698841048,0.1470938924484005,24.406234979629517,
5.037782765564288,0.17929432128054004,24.485153913497925,
5.057272200900037,0.2111834451808603,24.56578516960144,
5.0779669864166115,0.24286470006197045,24.64559268951416,
5.099479365052756,0.27430058302179416,24.725054502487183,
5.1217427247272225,0.30534556563884613,24.805464506149292,
5.144800833641261,0.3357801550080825,24.885045766830444,
5.168578135134541,0.3653897626675644,24.964945554733276,
5.192725593462885,0.3939802113458758,25.04540467262268,
5.217065194229505,0.42143712197879163,25.126317262649536,
5.2417411994031955,0.4477625393361879,25.205795288085938,
5.266957474319456,0.4730830609728132,25.28610110282898,
5.292705674668289,0.4976308070945137,25.366806030273438,
5.318701247844563,0.5216613469021982,25.445963382720947,
5.34467024877,0.5454255656603588,25.52583599090576,
5.37057372699002,0.5691233199240207,25.606717586517334,
5.396559919711709,0.5928944399138827,25.686310529708862,
5.422583990887272,0.616776026046747,25.76543092727661,
5.4483434689711645,0.6407261768571721,25.845616817474365,
5.473715676562877,0.6646647131519765,25.925490617752075,
5.498882844773171,0.6885217349958982,26.005529642105103,
5.524085797608247,0.7122832650190739,26.085346221923828,
5.549409974878584,0.7359821863045344,26.165591716766357,
5.574705714684611,0.7597256809709788,26.246864318847656,
5.5998197578655455,0.7836817634085156,26.32634425163269,
5.624853203830567,0.8080720835109109,26.406237602233887,
5.6498977104675765,0.833097889004992,26.486043691635132,
5.674920531858688,0.8589099105461028,26.565600872039795,
5.699690193433823,0.885588747988762,26.64548635482788,
5.724153434594955,0.9131420451999337,26.72503638267517,
5.74843075481242,0.9415200140703865,26.80541753768921,
5.772737176075219,0.9705958838520299,26.885321140289307,
5.797177972446751,1.0002188302074593,26.96532940864563,
5.821668303985322,1.030243555805694,27.045527935028076,
5.84619986714884,1.0605790990492399,27.126123666763306,
5.871007345168439,1.0911547642647659,27.20580506324768,
5.8963464819522375,1.1219233395351447,27.28645658493042,
5.922193204035797,1.1528529330696466,27.36612844467163,
5.948258889777967,1.1839120958656426,27.446279287338257,
5.974346235601369,1.2150540143385622,27.525776386260986,
6.000506786579885,1.2461522968913397,27.606996774673462,
6.026993062705012,1.2770203380940626,27.68666982650757,
6.053971822638971,1.3074154508113074,27.76724362373352,
6.0812485321534036,1.3370735824829303,27.84857487678528,
6.1086818738706095,1.3642800425698214,27.927758932113647,
6.136348318342624,1.3929294150829281,28.007253170013428,
6.164238799223124,1.4172945883370716,28.086889505386353,
6.192193928110711,1.4411178725441558,28.166723489761353,
6.219867290687492,1.4639393766401627,28.246712684631348,
6.247023636123792,1.4834457966918702,28.327045679092407,
6.273688375010578,1.5006753721284491,28.406839847564697,
6.299861743837651,1.515548062996126,28.489171981811523,
6.325383706086813,1.5279928477032276,28.567851066589355,
6.35006461854037,1.5379102882729991,28.647299766540527,
6.373778294263079,1.5451746399492947,28.7281334400177,
6.396555687141417,1.5496423427733481,28.806660652160645,
6.418424931491549,1.5511649852204066,28.887649297714233,
6.439247499510429,1.549604185743245,28.96782112121582,
6.458583643271933,1.5448600628835558,29.047099590301514,
6.4762189787256155,1.5368985933829216,29.12724471092224,
6.492170914373003,1.5257574847648405,29.206987142562866,
6.506421680889584,1.511524417903549,29.287092924118042,
6.518893220399413,1.4943350203007415,29.366564989089966,
6.529388154411649,1.4743782193854942,29.44670844078064,
6.5377379474596875,1.4518689040592019,29.527724504470825,
6.543608912128349,1.4282673522815799,29.606668710708618,
6.547896030170994,1.3997740377592907,29.686739921569824,
6.549839205782551,1.3703660908295419,29.767198085784912,
6.5495866011154344,1.3388218169538655,29.84718346595764,
6.547037900402959,1.3052422111881006,29.92751121520996,
6.542221623230848,1.269748876263465,30.007503509521484,
6.53511889640925,1.2325499561505897,30.08728051185608,
6.525670950667257,1.1958971803102312,30.167366981506348,
6.513863373849405,1.1562547445134643,30.247103214263916,
6.500506061191358,1.115909693856494,30.326754570007324,
6.483472354940803,1.0752255441874714,30.407588481903076,
6.4651913924852,1.0325363397406087,30.486908197402954,
6.445075867110971,0.9922611425156825,30.566903829574585,
6.423091341460322,0.954585546818886,30.646836519241333,
6.399214384495882,0.9138228409418405,30.72662925720215,
6.373606156071855,0.8759998843862297,30.806702613830566,
6.346567829473848,0.8411162133274884,30.88658380508423,
6.318503173972304,0.8038883197925937,30.96652603149414,
6.289394353718924,0.7715418091398405,31.048099279403687,
6.259362523968573,0.7374170971565841,31.12725067138672,
6.228732589299028,0.7066777430387895,31.206896781921387,
6.197777025609654,0.6778339433477831,31.287482261657715,
6.1668159021052515,0.6510364861905454,31.36757469177246,
6.1358532713717455,0.6275564216058257,31.45143985748291,
6.104883962541013,0.6039021083851097,31.531488180160522,
6.074033311154262,0.5836147350841527,31.61175537109375,
6.043529304479702,0.5654467458826057,31.69091010093689,
6.013626325125968,0.5500363415549838,31.77087163925171,
5.984422664007047,0.5349267150484426,31.850898504257202,
5.955988671453251,0.5222322873038268,31.932366371154785,
5.928470278577984,0.5115415315602416,32.012085914611816,
5.902019380161031,0.5010973973300226,32.09260010719299,
5.876745532984109,0.49231997798348826,32.17232584953308,
5.852512101215419,0.4845314941151301,32.25456237792969,
5.829281367438973,0.477587066889173,32.33417272567749,
5.807153554763265,0.47133217274109107,32.41413617134094,
5.786281386109284,0.46586845911986263,32.494225025177,
5.7668158184684835,0.46015916217305747,32.57435202598572,
5.748639830304905,0.45481215155114485,32.65353345870972,
5.731603167986599,0.44930634416818443,32.73349952697754,
5.715675123190544,0.44339107638769476,32.81299901008606,
5.700883281878907,0.4368169955585745,32.89292860031128,
5.687115437021391,0.4293602348790076,32.974249601364136,
5.67391060609622,0.4208320288397901,33.05373477935791,
5.661017002895198,0.4110684799632068,33.13337588310242,
5.648430954173965,0.4004971769902629,33.21343421936035,
5.636231114788128,0.38785349783681733,33.29328513145447,
5.624425086046386,0.3728173469740767,33.37376689910889,
5.611549345241224,0.3559896479121983,33.4620418548584,
5.600860339647712,0.3392789687205077,33.53526520729065,
5.588805766414604,0.3202442630571748,33.612966537475586,
5.576558809910194,0.2998121217865263,33.69290113449097,
5.5640485891654485,0.27809093379343464,33.772791624069214,
5.5510147111478645,0.2552298285418231,33.85375928878784,
5.5372398275983965,0.23253002393835775,33.93378829956055,
5.522710794748198,0.20632354080186302,34.01282835006714,
5.507537226184582,0.18022592134099538,34.09352946281433,
5.491796496955699,0.1529688093815739,34.174830198287964,
5.475219771160076,0.12597584155571498,34.254398345947266,
5.457633183583799,0.09487016724261516,34.33444094657898,
5.439036065419645,0.06391617108156619,34.41360545158386,
5.419528501272946,0.03169639220117277,34.493685722351074,
5.399176179050369,-0.0014518387462340977,34.57458472251892,
