6.653277875286634,1.4295270035092775,0.0004451274871826172,0.8543999999999999,
6.63884526756963,1.3893771184881492,0.07874703407287598,-3.3887023582493043,
6.7053991234475845,1.3457490867977,0.15947890281677246,-4.143983916835795,
6.835047809571109,1.3011045484115995,0.2395319938659668,-4.846328906418595,
6.9458677259803245,1.2534546155333595,0.3204219341278076,-5.812079078255661,
7.018648887206313,1.2075931330686696,0.39986705780029297,-6.815460574705164,
7.047625609946371,1.161432383498428,0.4815070629119873,-7.5274177095300345,
7.030646361236632,1.1150566742328276,0.5608985424041748,-7.72949988012551,
6.967348157893227,1.0684574477473383,0.6389718055725098,-7.482902606077902,
6.857240946710436,1.021635978307015,0.7188422679901123,-6.932819013807217,
6.702777070200491,0.9746230887493671,0.7999823093414307,-6.263102270890752,
6.520959136882086,0.9298434181394318,0.8788039684295654,-5.53292952882323,
6.340671890799484,0.8803380677592098,0.9603018760681152,-4.876626677808538,
6.193182544785876,0.8356404022637705,1.038719654083252,-4.479403390615576,
6.102613239271641,0.7888616615191273,1.118257999420166,-4.362295442140186,
6.075460000753498,0.7402335503440354,1.1990787982940674,-4.624054319624149,
6.098768902817919,0.6945547040725268,1.2792720794677734,-5.198331117582798,
6.14671468538059,0.6517877336160169,1.3586976528167725,-5.970378658057146,
6.193469581405318,0.6052647697750663,1.4388585090637207,-6.752514820623931,
6.21863753512802,0.5616807915809054,1.5186922550201416,-7.407184677586558,
6.2086769855264405,0.5187598318169734,1.598754644393921,-7.800855425748192,
6.1565091279409225,0.47853298024199015,1.680370569229126,-7.892964606419695,
6.061160346127567,0.4366962628767973,1.7594459056854248,-7.703966657686862,
5.928232881062189,0.39328544011416283,1.8394527435302734,-7.287122366672956,
5.77090048313683,0.3524630738252236,1.9186160564422607,-6.738724664530237,
5.609837136599914,0.3121959509762661,1.9982621669769287,-6.213041703471892,
5.469755479981118,0.272520543677606,2.0791656970977783,-5.768190247078793,
5.371809341581483,0.23351848845627024,2.1598868370056152,-5.534663134289204,
5.326990660811089,0.19529558820462992,2.238464832305908,-5.600800184857294,
5.330492717623337,0.15979193052907997,2.318939447402954,-5.930813986971931,
5.364648977102663,0.12333567830329627,2.398682117462158,-6.459538699458042,
5.4073368951213165,0.08607305168910834,2.4788260459899902,-7.072589180530379,
5.439635624286399,0.05325441868498147,2.5593008995056152,-7.635746124154719,
5.447456714050987,0.01959210279057163,2.6386148929595947,-8.013571391893237,
5.421953617007346,-0.014814286334936064,2.7206385135650635,-8.161124660941708,
5.3608250498893195,-0.04675755582802035,2.7992429733276367,-8.076873037685,
5.2678846974053,-0.07792085518929373,2.879000186920166,-7.780425750436499,
5.153590982229591,-0.10828439241309504,2.959674835205078,-7.349300824156258,
5.034252258379551,-0.13779197120807796,3.0394744873046875,-6.902504450220263,
4.929862424985233,-0.16635057522961552,3.1197996139526367,-6.508623392309854,
4.858192829795922,-0.19247951445432915,3.200573444366455,-6.29583171432355,
4.828832937640462,-0.22006777698598956,3.279574155807495,-6.278897466750767,
4.839320872273484,-0.2437458216222671,3.359323740005493,-6.495031073541729,
4.87568686305465,-0.2684245190542654,3.439603090286255,-6.8849283432198725,
4.9208283361216125,-0.29045696279915106,3.5212767124176025,-7.357602229392344,
4.9589750790234985,-0.31104894721795845,3.6009583473205566,-7.788402010462326,
4.97789871576475,-0.33026363142032095,3.681321382522583,-8.100767440736828,
4.9703164774471045,-0.3483304315741754,3.760714054107666,-8.231347753417893,
4.933627513713428,-0.3653455584358527,3.8406786918640137,-8.161810404024727,
4.870609720339719,-0.3811284191895475,3.920684814453125,-7.920686447458509,
4.790387030760438,-0.3952091105741832,4.000351905822754,-7.582794996434693,
4.707253163186325,-0.40692303539608554,4.080674886703491,-7.199846572546706,
4.6373842602896715,-0.41553307039629006,4.160673379898071,-6.8666642197461885,
4.594580370763337,-0.4203655313158243,4.240524768829346,-6.674007674616696,
4.586205288925281,-0.4209152079053474,4.32233738899231,-6.641522278103492,
4.609145037160742,-0.41692694002664044,4.399999380111694,-6.7849494786943945,
4.652188916257497,-0.40842714057563756,4.480587482452393,-7.056466795933907,
4.702402026687943,-0.3956721363718742,4.5604088306427,-7.38278472261734,
4.747429213691976,-0.3790269040773465,4.640260219573975,-7.66440787719307,
4.777617605856557,-0.3588505491920791,4.720288991928101,-7.846252797313327,
4.787749037741204,-0.33537049714788253,4.800108432769775,-7.87991762176797,
4.777305580826309,-0.3086080503890259,4.88141131401062,-7.767891647610986,
4.750210642270735,-0.2783367814643088,4.961460590362549,-7.5345109886529515,
4.714700975610074,-0.2441730005350697,5.0405051708221436,-7.218360196662684,
4.682080625422919,-0.20567304118095714,5.121867895126343,-6.8806673584295925,
4.664457146269776,-0.1624427998913947,5.200207948684692,-6.598742300530111,
4.671279521215003,-0.11422708181893752,5.2803895473480225,-6.412040592148663,
4.704598156868322,-0.06095290316174472,5.359822988510132,-6.357575212756234,
4.759768859697733,-0.002816091153559391,5.440080642700195,-6.418118255379563,
4.828780202644035,0.05980032346275837,5.520749807357788,-6.561396423161106,
4.902450138108449,0.12640685163165424,5.600994110107422,-6.715718935115634,
4.9723091107072035,0.19656422530742465,5.680561780929565,-6.849686003947885,
5.032215754560201,0.26986960476706806,5.759800434112549,-6.89279032434396,
5.078991081516284,0.34601915164769464,5.840045928955078,-6.834988765318729,
5.113047385323979,0.4248349603935756,5.920225381851196,-6.677453147779324,
5.138842270934955,0.5062182343556264,6.00080418586731,-6.432898789710201,
5.163426538989458,0.5901569154458007,6.080383777618408,-6.153629558941198,
5.194880977999011,0.6766064913409298,6.160309553146362,-5.881800417191427,
5.239722176764674,0.7654366750246359,6.240467548370361,-5.649278795541943,
5.301524140893096,0.856384569562329,6.3198676109313965,-5.496181436017579,
5.3797806682172995,0.9491210267793654,6.400929927825928,-5.419432184447157,
5.471301073685314,1.0431354695485877,6.4808266162872314,-5.431297004832514,
5.5709278539399385,1.1378041023477228,6.559808731079102,-5.473769073085299,
5.672326671911996,1.2324721291999283,6.640108585357666,-5.529223128621973,
5.769761115719612,1.3265337015615979,6.721456050872803,-5.5677524685274875,
5.8594368054094295,1.4194948075250213,6.800325632095337,-5.535444921674392,
5.93973458114977,1.5108554073453084,6.880419731140137,-5.458583376075577,
6.0117749252913635,1.6001869320567343,6.960117340087891,-5.328091841689481,
6.078537091416744,1.687110608961389,7.040650844573975,-5.137526077142725,
6.143899933234549,1.7713372185589429,7.120959997177124,-4.939813121096289,
6.21262226862258,1.8525106426516638,7.20080304145813,-4.746735496949018,
6.288675508021236,1.9302678867754814,7.281090259552002,-4.61085283943458,
6.373974977851372,2.0041415254429387,7.361494064331055,-4.5420086267136055,
6.467362085940561,2.073601918917103,7.440807342529297,-4.515751059593145,
6.565296247722854,2.1381280744375166,7.521155834197998,-4.549139631467476,
6.663711268755216,2.19715168528949,7.600827217102051,-4.594707146511023,
6.758590812466213,2.250158692808216,7.6811418533325195,-4.6663730153435035,
6.846574771524335,2.2967188333484874,7.760091304779053,-4.706024121324956,
6.925158921653746,2.336532552086178,7.840420722961426,-4.7215572786325435,
6.993358157459669,2.36936383886283,7.921240329742432,-4.709574083910118,
7.052224554714797,2.3950400972517683,8.000573635101318,-4.655597696421275,
7.10396034430737,2.4133903093744618,8.080740451812744,-4.5991343914446565,
7.151503854114019,2.4238402290095635,8.160948038101196,-4.549077234068501,
7.197250488295386,2.427284588982315,8.241222381591797,-4.507452918634071,
7.242443191677857,2.4225736075415374,8.321519136428833,-4.5032059050808355,
7.287581889080889,2.4109637005081437,8.401133298873901,-4.533768463716449,
7.33211316926013,2.3915013729670496,8.480920553207397,-4.61318601608751,
7.374375994346742,2.3635044295126857,8.561203956604004,-4.728324186421914,
7.411506294972429,2.3318971080341373,8.640506982803345,-4.847401485214521,
7.440335834411112,2.2904416354133215,8.721087217330933,-4.96043071989344,
7.4587957555126865,2.2449170716331643,8.801432609558105,-5.05757054631337,
7.466152367870105,2.196370472982077,8.880772829055786,-5.134306936998872,
7.463352768060475,2.1397643348426034,8.961583137512207,-5.180251160321846,
7.450902409256094,2.07430209710238,9.04129958152771,-5.208690110811336,
7.4307915356848095,2.0063633049271536,9.121602773666382,-5.239623247585699,
7.4055506261559625,1.9331949084146491,9.202733755111694,-5.280602696390722,
7.377411614735398,1.8550640285995557,9.281923294067383,-5.337221527482278,
7.347693327967024,1.7724483674458096,9.361417531967163,-5.423353523644922,
7.316358864948302,1.6859467406036253,9.441519260406494,-5.542373749903845,
7.282396244863081,1.5961851826310884,9.521509885787964,-5.68121607205822,
7.244272177120454,1.5084532003488784,9.601644515991211,-5.841645629755001,
7.200386442833535,1.4140696077388855,9.680830001831055,-5.984617508041736,
7.1491558656670495,1.3181415485809354,9.760680675506592,-6.12282663064848,
7.089562141000422,1.2163327557550212,9.840853691101074,-6.251636681251887,
7.021700491910489,1.1188558463416325,9.921164274215698,-6.361591135141232,
6.946439785514799,1.02123131782861,10.000820636749268,-6.4568769870360025,
6.865375500766554,0.9287383220936802,10.080896854400635,-6.5181343855540845,
6.780429143979361,0.827265987662489,10.161433696746826,-6.555502361873349,
6.6936994286015254,0.7319073058785911,10.24152398109436,-6.626413241875122,
6.607550574128487,0.6429052136893857,10.321328163146973,-6.69181147098856,
6.5233918871189545,0.5468010867148374,10.402362585067749,-6.777279228307469,
6.441412501811993,0.4579606489327219,10.482640266418457,-6.881486396503497,
6.361112747816659,0.37220766799439126,10.563114404678345,-6.993078147763672,
6.281120179957438,0.2939578875664034,10.64199161529541,-7.11540075860555,
6.199841910039686,0.2114426836832501,10.721685886383057,-7.205967477944783,
6.116221822706107,0.13694352519746167,10.802176237106323,-7.310482173371134,
6.030385663823407,0.066757470779019,10.883058786392212,-7.3748844522371515,
5.9429443525198655,0.0011540523107631275,10.96249794960022,-7.411190445058633,
5.854500382076314,-0.05673692994837269,11.043565273284912,-7.4386841688389005,
5.766804628512532,-0.11553780415396599,11.122396469116211,-7.431433202778212,
5.682015204427102,-0.16633969780344127,11.202739715576172,-7.447814444906506,
5.602453372008529,-0.2119605176979006,11.283550500869751,-7.450512383749845,
5.529367126512596,-0.2504548038579087,11.363519191741943,-7.481642135277428,
5.462778143800677,-0.28749501795031884,11.44236445426941,-7.5098921122232145,
5.4019776056532525,-0.3174346507605614,11.522277593612671,-7.547026551460085,
5.345730750801325,-0.3410801829011259,11.601818799972534,-7.599851758664168,
5.2930845978721095,-0.3618533685532432,11.682145595550537,-7.6335943028583895,
5.245396924319859,-0.3758881544166161,11.76282262802124,-7.65915216170759,
5.194211587726412,-0.3862768622504987,11.843344688415527,-7.676244931351337,
5.1468207597577775,-0.3913185612439704,11.923336744308472,-7.656355922789244,
5.101212651209519,-0.3918817636688515,12.003011703491211,-7.627190189506187,
5.058780805464345,-0.3879303305549079,12.083153009414673,-7.575779204722867,
5.021193820486755,-0.3799544183897052,12.16346263885498,-7.519040391326158,
4.9895535478279065,-0.36883464064159666,12.2445969581604,-7.468484116716721,
4.964589800486377,-0.35284834278842286,12.323351383209229,-7.4227959696439925,
4.946546283693963,-0.33533444504163007,12.403709650039673,-7.392068702214228,
4.935232032279546,-0.3129227562038702,12.483154535293579,-7.373881222033319,
4.929858809555886,-0.2888531927123219,12.563317060470581,-7.363946675201093,
4.928796299796045,-0.2637591075640241,12.642918348312378,-7.35723944395431,
4.93024849938838,-0.23521763078904973,12.724351644515991,-7.3478792910961275,
4.932955475548827,-0.20316244098460443,12.803816795349121,-7.32518644561942,
4.936339281895942,-0.1708729170679019,12.883484363555908,-7.283183058493279,
4.940564397954528,-0.13712268189831178,12.963351011276245,-7.229397846551926,
4.94612085672232,-0.10220699923496636,13.043134450912476,-7.158979495386072,
4.953869431363515,-0.0665519905895724,13.123128652572632,-7.082404303796788,
4.964984609339587,-0.030674702125595775,13.202461242675781,-7.007959132366871,
4.980488225909249,0.004979490920869402,13.282240152359009,-6.9480106190189925,
5.000784407742053,0.04005277666896929,13.362600326538086,-6.908014674885854,
5.0253751236878434,0.07433965660623772,13.44312310218811,-6.881959654931262,
5.053032130569813,0.10780640959536733,13.522890567779541,-6.873540817769704,
5.08231415134575,0.14059152738393,13.60283374786377,-6.869475308120174,
5.111883066633851,0.17287928512108625,13.684272527694702,-6.871796954236432,
5.140704624729685,0.20483455552105526,13.763341426849365,-6.862484565469197,
5.16780855236993,0.23655272646124956,13.842592716217041,-6.837150223680623,
5.192715225126673,0.26802992921345903,13.92284369468689,-6.7962143861723305,
5.215971107643346,0.299167688569056,14.002772569656372,-6.735545730877312,
5.238825883640667,0.3297564361991846,14.082988500595093,-6.671905402264863,
5.262743651837551,0.35955479334124146,14.162485122680664,-6.604907157547554,
5.2885542723162695,0.3883489776615873,14.242149114608765,-6.543934716018765,
5.316627816730349,0.416029060948099,14.32263445854187,-6.498736968174645,
5.347116090550254,0.4425801825094187,14.402546167373657,-6.465744019086134,
5.379691782723136,0.46809835299366287,14.48340106010437,-6.456441571321713,
5.4135771955507295,0.4927780365147194,14.564562797546387,-6.4541982763840355,
5.4473047900683875,0.5168778845501949,14.643404006958008,-6.456412017011898,
5.479419055423511,0.540675860867494,14.723013877868652,-6.457718585961987,
5.509081280807277,0.5643845826842906,14.803091287612915,-6.442352669702407,
5.536123819838049,0.5881401233487475,14.883796215057373,-6.420508852663881,
5.561030434823351,0.6119900254970289,14.96424126625061,-6.381290905965908,
5.584367204166066,0.6359256337689143,15.04348874092102,-6.3303362522905084,
5.606980034036232,0.6598780069028646,15.124131441116333,-6.27543254463307,
5.6301289382615956,0.6837662158871685,15.20495867729187,-6.219076627556466,
5.654905447104183,0.7075443142161849,15.284455060958862,-6.178290814904868,
5.681993638677521,0.7312372164204882,15.364030599594116,-6.149250278978067,
5.711075515502027,0.7549588771125203,15.444127082824707,-6.135470033572519,
5.741192840363388,0.7788674340654812,15.524029016494751,-6.134671281343056,
5.77139109071999,0.8031593009992076,15.603325605392456,-6.133802957497105,
5.800697697553594,0.8280321443169003,15.682817697525024,-6.137570918220529,
5.828407090047563,0.8536703084823973,15.762944221496582,-6.135425966645015,
5.85390933271895,0.8801780314629476,15.842838525772095,-6.109543582758789,
5.876932540738735,0.9075717567736,15.922895193099976,-6.069966694727918,
5.898207887393015,0.9357907264132103,16.00288677215576,-6.012522158679424,
5.9190448560544615,0.9647240998303577,16.08319616317749,-5.953358753713471,
5.940915705612791,0.9942485558213114,16.162922859191895,-5.8972353563913975,
5.964686183778383,1.0242161447800124,16.24371361732483,-5.839525042605087,
5.99058393472446,1.0545029248104423,16.322960138320923,-5.795370477707475,
6.0187304189449025,1.0850213366245565,16.402846097946167,-5.759926654041084,
6.048947482944728,1.1157454168432617,16.48297381401062,-5.74386066895361,
6.0805510175137,1.146651168496595,16.562926530838013,-5.739427409025629,
6.11226827338224,1.1777018414622,16.642649173736572,-5.726466601840708,
6.142669207526533,1.2088319527671594,16.722567319869995,-5.7116494401272515,
6.171072937120792,1.2399360787008316,16.80267333984375,-5.680431540869328,
6.197697611869589,1.2708665957119514,16.88265085220337,-5.645247110297596,
6.223306768890385,1.2998752850342374,16.962848663330078,-5.6042716724067985,
6.248486188777368,1.3312262561964883,17.04377818107605,-5.553994418725145,
6.2737315189909175,1.3600589406532058,17.124744176864624,-5.501641859335993,
6.299768480028587,1.3875945945794994,17.203182697296143,-5.452733627514566,
6.327219115065195,1.413549876967116,17.282750844955444,-5.422708636967227,
6.356320221311845,1.4376762685691482,17.363555431365967,-5.411414149429642,
6.3864171609401925,1.4587252934944215,17.443889141082764,-5.404910511553123,
6.416249936563867,1.4787765906042591,17.523266792297363,-5.413531604149814,
6.4447675203794,1.4974106695792162,17.604565382003784,-5.4180207518983705,
6.471129626682685,1.5120546480823034,17.683416843414307,-5.4251776672776995,
6.494836714345209,1.5257067035077116,17.764450550079346,-5.433027744593336,
6.515672561923311,1.5361342340480626,17.843034982681274,-5.423644795777771,
6.533600735655654,1.5436128811430978,17.922712802886963,-5.410996901743196,
6.54918490402729,1.5489789264925433,18.003535985946655,-5.393703813954578,
6.563368079222184,1.551102649136152,18.082894802093506,-5.382157216292104,
6.5769146161043714,1.5501680281421197,18.164686918258667,-5.3809016270457795,
6.5898919139250856,1.5460681055286871,18.244933605194092,-5.3845186614898655,
6.602006048711522,1.5387503522792283,18.323954105377197,-5.401011613626055,
6.612959583865815,1.5288363561683802,18.403528928756714,-5.425986872355352,
6.622298464522651,1.5153603041619264,18.483594179153442,-5.461609372466963,
6.629454238465876,1.4980026144666756,18.5635027885437,-5.504235897201229,
6.633679221242883,1.4785875064340723,18.644028663635254,-5.546221713707704,
6.634375346418723,1.4565694196829513,18.724025011062622,-5.5850739839182015,
6.63115770534956,1.4334057196632923,18.80374789237976,-5.618335989320957,
6.624088913882373,1.4053853629379403,18.884210348129272,-5.643234056601408,
6.613607548060515,1.377926587851029,18.964475393295288,-5.669413357947002,
6.600314401673425,1.34530714800411,19.045024394989014,-5.689772480526202,
6.584828301830929,1.3121104737320457,19.124907732009888,-5.7163644163084895,
6.567914119727883,1.2769780359886562,19.204795837402344,-5.751458090028066,
6.550079180359343,1.2401158281164082,19.284538984298706,-5.792011024360994,
6.531291967955221,1.2017687186405126,19.364640474319458,-5.841707313502295,
6.511168931626917,1.162263520735289,19.444331169128418,-5.901493623949144,
6.489253358626805,1.1219821507589218,19.52552556991577,-5.962582407150533,
6.465056621168657,1.0833563554128098,19.605483770370483,-6.02854285618483,
6.438210442164064,1.0426820787349966,19.68430256843567,-6.079909568573669,
6.408562330242764,1.0002844663546622,19.763869762420654,-6.125630575585434,
6.3762068926537925,0.9604893215984833,19.844642639160156,-6.1725551246186,
6.3416804995150455,0.9214955431322202,19.92376184463501,-6.20360807185385,
6.305592950991355,0.8834807090004559,20.004603385925293,-6.234277534000099,
6.268744249920979,0.8465615174256531,20.084317922592163,-6.25389905202175,
6.232060539430731,0.8108690280335602,20.164227962493896,-6.272597664926682,
6.196039163391267,0.778234448693607,20.245363235473633,-6.3007198279440715,
6.161146159332701,0.7437695508631502,20.325379848480225,-6.324293784936712,
6.1275928960901025,0.7141962129493031,20.404747486114502,-6.367189923558437,
6.095374705980618,0.6834519476056655,20.48477578163147,-6.40227271138315,
6.0640820999957805,0.6562235487522494,20.565369844436646,-6.443338971253348,
6.033046461804543,0.6311239411848018,20.644915342330933,-6.485386558264908,
6.001803848886158,0.6093104690556584,20.72546124458313,-6.513977370716725,
5.970012546320487,0.5884910319319321,20.805083751678467,-6.5350683100097475,
5.937825528672591,0.5689187151866715,20.88519310951233,-6.540480463531869,
5.905849161583808,0.5531350124158613,20.964520931243896,-6.538881923308841,
5.874816731022703,0.5376544664309713,21.04448366165161,-6.533329948119539,
5.845529791360625,0.5252627291780111,21.12467384338379,-6.524361008285554,
5.8186527466267615,0.5131505579497799,21.20461630821228,-6.522229737001813,
5.794665762213381,0.5029829173838185,21.284768104553223,-6.52383701239066,
5.773596700841361,0.49441265253046074,21.36421489715576,-6.532361655259682,
5.754866815481798,0.4860174626016251,21.444430112838745,-6.545731335320423,
5.7377346608789574,0.47891814483230405,21.52644371986389,-6.559669042006977,
5.721533712756919,0.47253708335567324,21.604867219924927,-6.575288806414813,
5.705819113018007,0.46670547858959827,21.68430757522583,-6.584728173670119,
5.69034452444907,0.4612296049816043,21.764197826385498,-6.5889963061027945,
5.674964139921733,0.45615505573313553,21.843992948532104,-6.588032318758428,
5.659758415874132,0.45043424181463476,21.924041271209717,-6.579306773054591,
5.645116041786397,0.4446178817871902,22.00576901435852,-6.572599921612283,
5.631632390102317,0.4385320999858535,22.085359811782837,-6.565410717169954,
5.619668309029818,0.43093242862182596,22.164648294448853,-6.563476446161635,
5.609037946134691,0.42263479073701904,22.244673490524292,-6.568088478251786,
5.599398949098454,0.4131290982800456,22.325631618499756,-6.577507654287383,
5.590408872715476,0.4022533935732941,22.405155420303345,-6.594750180150605,
5.581683965782166,0.3898492148915366,22.4854416847229,-6.616007276631982,
5.572775151553258,0.3758249127993603,22.565517902374268,-6.641468485750129,
5.563046849981796,0.36098241023406347,22.644774913787842,-6.665980186215167,
5.551896186995638,0.34290745747906753,22.725528478622437,-6.684731823306112,
5.539132701416142,0.3241580914775125,22.804961442947388,-6.705570059003042,
5.525000281897962,0.30400754426854093,22.885382413864136,-6.721778294859889,
5.509785209070861,0.2825381712576822,22.965667009353638,-6.736867895814006,
5.493608041852161,0.259891280444303,23.04595375061035,-6.752714298837411,
5.476680425513715,0.23738317382734447,23.12532353401184,-6.767198563614353,
5.459251308944238,0.21266344499478226,23.204518795013428,-6.784690490349719,
5.441618438307006,0.18686203868393314,23.285402059555054,-6.805729904977453,
5.423989519669064,0.15852296509008051,23.365198373794556,-6.833754231451866,
5.4061199479162765,0.1303107386003591,23.445060968399048,-6.871336141565668,
5.387567370548623,0.10089046259346127,23.524569272994995,-6.908694684749532,
5.367807651873388,0.07021503756391802,23.604531049728394,-6.950636785101213,
5.3464951150533215,0.03824107439226668,23.685694932937622,-6.98914309234249,
5.323432894411802,0.005229595946564581,23.76485252380371,-7.030201340143099,
5.29843838204635,-0.028225626586250337,23.845089197158813,-7.064063163723749,
5.271494296078557,-0.06129205667028898,23.924671173095703,-7.090245684453577,
5.242903855641217,-0.09304462048641594,24.00495195388794,-7.1163806103265035,
5.213326452913876,-0.12262344455984356,24.086249589920044,-7.131459497565506,
5.183452267825516,-0.14932226928966802,24.166598796844482,-7.146394324747716,
5.153703506766511,-0.17269293429147192,24.24649715423584,-7.149822240835859,
5.124454214878427,-0.19255833770833952,24.32624077796936,-7.143374349065372,
5.096270896766032,-0.20897575208228733,24.406620264053345,-7.138582771757667,
5.069951043963808,-0.22210865197809995,24.48626136779785,-7.127683037090669,
5.046004490062181,-0.23211927461365803,24.565823078155518,-7.118088505161913,
5.024687119201054,-0.23906595408175862,24.645738124847412,-7.1150473391717055,
5.006099274010858,-0.24282951504278946,24.725393056869507,-7.112427015244746,
4.989929198650907,-0.24308477376358506,24.80617332458496,-7.114559708488212,
4.97579865346579,-0.23933710848934145,24.88646125793457,-7.111637157254329,
4.9632824745147275,-0.23102534952258935,24.966323375701904,-7.102128415447215,
4.951976491734016,-0.21763580901883067,25.046601057052612,-7.082611061518911,
4.941856553015715,-0.19878393312594253,25.126471281051636,-7.046379199658663,
4.933321587027319,-0.17430084782920463,25.206425428390503,-6.9957705816724784,
4.927220358162743,-0.14425219638367562,25.286325216293335,-6.929654496417837,
4.924673376456559,-0.10889659283012239,25.366588830947876,-6.85487275520865,
4.926604911575147,-0.06859577896759378,25.44673800468445,-6.7748650667210795,
4.933566062669309,-0.023700775142629624,25.52648115158081,-6.6961958339358345,
4.945742220611118,0.025470314211340862,25.606317281723022,-6.622333023991571,
4.963267342293847,0.07871468013533829,25.686314821243286,-6.558423777909499,
4.985842156038345,0.13595492195994593,25.76608967781067,-6.502839856936819,
5.012597187757137,0.19726366447856494,25.846044540405273,-6.443271134627231,
5.0426058682269534,0.2627165383338349,25.925997495651245,-6.382902637126537,
5.075240951501562,0.3323277994602695,26.006500959396362,-6.3084781412590125,
5.110259784590623,0.4060020894743814,26.086100578308105,-6.2288053619119905,
5.147811473482031,0.4835182477350876,26.16580104827881,-6.138670664796169,
5.18810195422574,0.5645193287258701,26.247259378433228,-6.027992967841049,
5.231485153563708,0.6484363389722667,26.326913595199585,-5.913750873815552,
5.278716723915729,0.7347003907919524,26.406857013702393,-5.788495702013746,
5.330602047943425,0.8227348456778375,26.487396001815796,-5.67686892134551,
5.387656434123947,0.9120719993400946,26.567561864852905,-5.577204638688589,
5.44972915235841,1.0022480173858963,26.647167682647705,-5.476811911742126,
5.515918895444273,1.0928291340321523,26.72667145729065,-5.394960104826917,
5.58542270337071,1.183422697344783,26.806549072265625,-5.308276928922632,
5.6573301410342545,1.2736775027463811,26.886337518692017,-5.239933892301633,
5.73079855031167,1.363278840106963,26.967441082000732,-5.1753834732943,
5.804968903916371,1.4517943039188916,27.046767711639404,-5.090691686638455,
5.8789666961261,1.5387413577524442,27.127724170684814,-5.009080712307323,
5.952706929888485,1.6235896446759053,27.206326246261597,-4.907244087175414,
6.026544933725082,1.705844342608645,27.287594079971313,-4.8186265940089115,
6.101110735412383,1.7849698827594653,27.366502285003662,-4.73659407273479,
6.176613975985303,1.8604471352157665,27.44686794281006,-4.645090618520422,
6.25272127517124,1.9317148074814663,27.526943683624268,-4.574543016999777,
6.32933203931536,1.9982783752568876,27.60714054107666,-4.502609884023545,
6.406120818723189,2.0597432361580266,27.68768858909607,-4.462178302045322,
6.482589697492977,2.115732093571089,27.767303466796875,-4.421087574147364,
6.557744262012736,2.1659433517680515,27.84756064414978,-4.398484511236565,
6.630476980015962,2.210139065242847,27.92827033996582,-4.392049485349252,
6.699868536892463,2.2481574654277234,28.008122205734253,-4.374366132742626,
6.765000553938339,2.2798298915773736,28.087857007980347,-4.372902550746097,
6.825461650767463,2.3049851444483185,28.167758464813232,-4.357439326756773,
6.881141476648114,2.3234494428116346,28.247608423233032,-4.349030059584762,
6.932284374602769,2.335063622238993,28.326918601989746,-4.350218508965134,
6.97931208350936,2.339696478022375,28.40647578239441,-4.347755827961078,
7.022325913873838,2.337248648668899,28.487497568130493,-4.365975254317257,
7.061403382824735,2.3277019337166123,28.566933155059814,-4.388097595124759,
7.096291343518895,2.3111556222803187,28.646639585494995,-4.427392074699165,
7.12656082654233,2.287759623835943,28.72871470451355,-4.482240168472428,
7.151751692399927,2.257716014322795,28.80991244316101,-4.539582704636412,
7.171194671137682,2.223284733465406,28.888757944107056,-4.609431076899525,
7.184379132611867,2.178919089576027,28.969886779785156,-4.677610270216804,
7.190944656616691,2.133418701429557,29.048961639404297,-4.750209354073775,
7.190753033390429,2.077557816817041,29.129430055618286,-4.814970372119872,
7.1838060608521594,2.0192419895664164,29.20810627937317,-4.8863897457737036,
7.170308382688684,1.956239001460767,29.288658380508423,-4.954720356863025,
7.150698493286432,1.8922809125886548,29.36865520477295,-5.023931998653599,
7.125147559243488,1.8208836378644706,29.44716215133667,-5.083258226161271,
7.094135800211053,1.7416685038510373,29.526893377304077,-5.148175576556657,
7.058337985119438,1.662564169151235,29.606648206710815,-5.2371063910084095,
7.018495357521479,1.5803722031288165,29.687573671340942,-5.324863443213348,
6.974729978157894,1.4955554776912845,29.767175436019897,-5.416607875466705,
6.926807876929192,1.408524254765431,29.84856939315796,-5.522871120117591,
6.874675469482474,1.319777131400412,29.928114652633667,-5.6276504699678505,
6.818065328605691,1.2298142730312083,30.00740075111389,-5.7421432198335856,
6.756919820161293,1.139123615340321,30.087494611740112,-5.8421829382788575,
6.691056352316103,1.048092305746413,30.167819261550903,-5.932104816344221,
6.620616184138271,0.9571345949357927,30.247459173202515,-6.0274616981869755,
6.546625139986007,0.8711778382246708,30.3275089263916,-6.10796945102024,
6.469904183583559,0.7770796778863807,30.408000469207764,-6.185781866047347,
6.391214590231632,0.6931038863778606,30.487605810165405,-6.264400968404538,
6.311410227675317,0.6018968805672267,30.567858934402466,-6.324886240371434,
6.231353105808338,0.5169501464578515,30.64850378036499,-6.4212641017661065,
6.151846348584107,0.43423560200240335,30.729241132736206,-6.508579854203503,
6.072915348783406,0.35800709908822653,30.80933976173401,-6.611537177819974,
5.993848572661135,0.2766679981389646,30.888341188430786,-6.686493654954757,
5.9141076269733786,0.20230110233187043,30.96797013282776,-6.767057498741279,
5.8337182639869125,0.1312877540466011,31.048216104507446,-6.854036957666302,
5.753229351534551,0.06717452447394101,31.12860417366028,-6.918846750390839,
5.672730898535048,0.003419462440739477,31.208886861801147,-6.9785090768532925,
5.592560354053516,-0.059277435822031405,31.289103031158447,-7.0152760993726755,
5.513399314041877,-0.11483049566745891,31.36790704727173,-7.068504007202476,
5.436293774779314,-0.16625073335714674,31.44788956642151,-7.105465490555675,
5.362004082843202,-0.2135076464501826,31.52860713005066,-7.129235307216083,
5.2907445210308826,-0.25663331492084007,31.608181476593018,-7.166406221139865,
5.223032666097538,-0.295641252600982,31.68934154510498,-7.18829386012077,
5.159021773043863,-0.330540014567702,31.76793098449707,-7.207191468946263,
5.098531186560504,-0.36134492051810874,31.847790241241455,-7.239498651931841,
5.041663252334229,-0.3868479163849548,31.92822265625,-7.26188073935904,
4.988093285724423,-0.4108219699884543,32.008052587509155,-7.287182182951727,
4.937430154979757,-0.42959753917002064,32.08784532546997,-7.299270402490938,
4.889351659967123,-0.44449252822386387,32.168174266815186,-7.298520042773796,
4.84402075648927,-0.4551514723647631,32.248984813690186,-7.300129971087375,
4.80208749209524,-0.46312618442827147,32.3296103477478,-7.287719762932385,
4.763912352201398,-0.46718228248192256,32.41025161743164,-7.279771702452171,
4.729621610344441,-0.4679716726154173,32.48845863342285,-7.260018287636277,
4.699279990094821,-0.4656916998277026,32.56984329223633,-7.2366051624044445,
4.67310177713378,-0.4605468467173609,32.64974093437195,-7.22114349724289,
4.651417548807966,-0.453185436722008,32.73091101646423,-7.203872705703304,
4.633978604968276,-0.4424373120845733,32.8090558052063,-7.193519884890018,
4.620150003991461,-0.4305052233074598,32.88845372200012,-7.177746383738608,
4.609269427620236,-0.4158123407358362,32.9686324596405,-7.1611353596929535,
4.600831539378019,-0.3981825011482841,33.04811358451843,-7.142205904416058,
4.594628051255623,-0.3795589714756444,33.12939381599426,-7.113298822814724,
4.590507921834721,-0.3594289744708358,33.208210945129395,-7.079680368104262,
4.5885554142074945,-0.3379590420087274,33.28880333900452,-7.040211994171149,
4.589037448767065,-0.3151709635785676,33.36832857131958,-6.996933360108946,
4.592112773330186,-0.290933694641088,33.44847559928894,-6.953285057632531,
4.597940854485728,-0.26505960546811064,33.52876567840576,-6.911076263188599,
4.606629845893976,-0.23734993556339645,33.60811161994934,-6.868389240041882,
4.617979764140468,-0.20765254917990394,33.688156604766846,-6.827867143103148,
4.631760413699827,-0.17587512335376998,33.768810510635376,-6.7869028987197195,
4.648015699590591,-0.14204557181557598,33.84868502616882,-6.745315538109474,
4.666654943091397,-0.10629456315570858,33.92976236343384,-6.7053197078680045,
4.687468333134271,-0.06881227969070898,34.00910973548889,-6.660279828863905,
4.7102115675259135,-0.02978973717410005,34.08894753456116,-6.6162759361111885,
4.7347438871552825,0.010641822658364615,34.16947865486145,-6.5701710491668335,
4.760967314568393,0.05238696409849553,34.24938774108887,-6.516962662682646,
4.788807430248054,0.095431832109491,34.3302104473114,-6.464949277010816,
4.818298475262424,0.13983483631603355,34.41017484664917,-6.405653066987011,
4.849496616201109,0.1857397637134798,34.48868274688721,-6.350664556506712,
4.882543140973449,0.23327044846954242,34.5699245929718,-6.2956312176772045,
4.9174243306502365,0.2825015191272408,34.64930558204651,-6.233088382436386,
4.953974119869595,0.33344110893705325,34.72870850563049,-6.173639243050735,
4.992183398796095,0.38603251123435606,34.808855295181274,-6.10525095533184,
5.0321226109134365,0.44017627950736643,34.89009928703308,-6.042851044428213,
5.073927590416673,0.4956728400180429,34.96849298477173,-5.971631994241019,
5.117591640731534,0.5522977398610491,35.04894995689392,-5.904596403453612,
5.163177754722395,0.6098332527572076,35.12905931472778,-5.843521185205146,
5.2106157551860495,0.6681444093721559,35.2098331451416,-5.775261897511646,
5.259596890474177,0.7271072487659499,35.288586139678955,-5.718298162893561,
5.309990371396998,0.7866219408748598,35.36846613883972,-5.66485671326694,
5.361593621930494,0.8466147255395168,35.44872283935547,-5.601985160139146,
5.413994874421017,0.9070329835499493,35.52925944328308,-5.544958606036561,
5.4670638649252075,0.9678386111134611,35.60856342315674,-5.475933452365999,
5.520747704528627,1.028899295729606,35.688387393951416,-5.41522239648556,
5.575133332662382,1.0900311513892493,35.768444538116455,-5.355227360429251,
5.6302045397102845,1.1509996771844249,35.84975028038025,-5.282950166597908,
5.685786333168818,1.2115827860939736,35.92854380607605,-5.217700494556052,
5.741991853865313,1.2714994486582922,36.008299112319946,-5.143311956650102,
5.79892421032255,1.3304480948927213,36.08829689025879,-5.083739453746775,
5.856698279647197,1.3881415988290051,36.168619871139526,-5.0318137974499075,
5.91520466242955,1.44433410657218,36.24987840652466,-4.974276737000765,
5.973954577258991,1.4988366635347383,36.32807970046997,-4.92998224956911,
6.032593597208138,1.5514320073230548,36.40868592262268,-4.878793867891518,
6.090727145327858,1.6019144646135262,36.48885107040405,-4.843098154443965,
6.148052534770968,1.6500775227211577,36.56839108467102,-4.812371616783557,
6.204351881007228,1.6957407545364698,36.648857831954956,-4.772648154068633,
6.259204417283207,1.7386723971011084,36.729512453079224,-4.741893815853865,
6.312543964691144,1.778607334894795,36.81026887893677,-4.702443087932543,
6.3643384582982785,1.815267676990978,36.88967943191528,-4.676732254247775,
6.414672738415767,1.848368937583821,36.96973419189453,-4.65709577414137,
6.463555917091826,1.876204713696185,37.04947280883789,-4.633254393653186,
6.5106835603455515,1.9024907092613588,37.13027787208557,-4.626548564288723,
6.55594446991462,1.9228461192571393,37.20962190628052,-4.613862094123573,
6.599069834720732,1.9377890528968873,37.28943943977356,-4.620016391872044,
6.639749527242841,1.9492568959476018,37.36892104148865,-4.63854068630467,
6.677745562796348,1.9552925370629257,37.449777126312256,-4.6536142600973935,
6.712360760823038,1.9567012509672705,37.52917242050171,-4.679280774049136,
6.7431119944973945,1.9534950098736208,37.608956813812256,-4.701327550913349,
6.769796762020332,1.9464118971788655,37.689517974853516,-4.731077340476348,
6.792374845508136,1.9340745205716006,37.769885301589966,-4.760235581419988,
6.810915445562968,1.9179822409106477,37.84917593002319,-4.7860053656742965,
6.825442635511182,1.898778934399259,37.92958092689514,-4.815297224350226,
6.836195721365687,1.873083186313822,38.009507179260254,-4.842361543305085,
6.84356272285913,1.8441810614633063,38.089070320129395,-4.881825232885516,
6.847712346960178,1.8109293219256117,38.1695351600647,-4.92830286483231,
6.848541655812517,1.7733750913158093,38.24970054626465,-4.980395245152594,
6.845681847150884,1.731654181988302,38.33184051513672,-5.040047429766335,
6.838683770931544,1.6859820309035278,38.409538984298706,-5.105943899848687,
6.827197619111553,1.636621747968134,38.48926281929016,-5.174122768381815,
6.8109027651121465,1.5839277266453566,38.569438219070435,-5.241948248903295,
6.789738999126549,1.5282776918033547,38.650081634521484,-5.310360388375981,
6.763798187729384,1.4729981266554986,38.73142409324646,-5.373258790687156,
6.733384034046401,1.4094856315007123,38.81012463569641,-5.430790038319742,
6.698986321268994,1.3500124467792622,38.889392137527466,-5.493517420588428,
6.661285796268428,1.2855657543654766,38.969834327697754,-5.545190374291478,
6.620841372345186,1.216204538286337,39.049991607666016,-5.61093600967443,
6.578220289907112,1.1523538298905562,39.12998652458191,-5.6877869284725975,
6.533807725608613,1.0810360752551365,39.209858894348145,-5.76524086876089,
6.487356129735308,1.012846836414241,39.28946852684021,-5.848867484468978,
6.438448284064009,0.9448381278096383,39.36958026885986,-5.926966463772447,
6.386892967356753,0.8773942586943618,39.449620485305786,-6.010098965403029,
6.332744419109046,0.8108014522822871,39.529722452163696,-6.080098049444405,
6.2761641840704225,0.7453588066872966,39.610026121139526,-6.152140653041493,
6.217429014959676,0.681373858315137,39.69035005569458,-6.205046146294598,
6.157081625576988,0.6191578446299699,39.77071571350098,-6.248254126970929,
6.095913354438127,0.5590181654025684,39.85144233703613,-6.299779562990418,
6.035071962389971,0.5012471548712331,39.930628538131714,-6.342535738912901,
5.975259996639384,0.4461993999849837,40.011658668518066,-6.398558198136103,
5.9167899334854495,0.3942230746754926,40.09114694595337,-6.444156904042367,
5.859681394428851,0.34564181619630213,40.171242237091064,-6.487696209895162,
5.80374236563717,0.30070021485629256,40.2507598400116,-6.541470484426975,
5.749039700090273,0.25962097744953877,40.33108973503113,-6.583728095018483,
5.695401860826718,0.22257749813293426,40.41052865982056,-6.629728792765291,
5.642750246303765,0.18967892817545584,40.49104142189026,-6.654951404970779,
5.591235858810749,0.16096827596243363,40.572009325027466,-6.6670611796098225,
5.541133680222587,0.1364315200282942,40.651023626327515,-6.678994683372209,
5.493215878266957,0.11604792685726789,40.73247289657593,-6.675699835720058,
5.4481693238391085,0.09977137764803337,40.81098484992981,-6.676339173426858,
5.406612442107429,0.0875375462035183,40.89113092422485,-6.665127782713338,
5.36894669499797,0.07926040709601183,40.971598386764526,-6.652406643279907,
5.335450013325235,0.07497963143683109,41.051050662994385,-6.650928067094099,
5.306414701490586,0.07419060169177605,41.130945444107056,-6.647451085367935,
5.281536857530844,0.07690618990665021,41.21070122718811,-6.652317065716976,
5.260241613012184,0.0830889952508576,41.290825605392456,-6.6507738302862,
5.240971728653507,0.09298185855003976,41.37388849258423,-6.644187526356317,
5.225653345436551,0.1053331565239573,41.45079565048218,-6.6307742738708635,
5.211571125955798,0.12020695108136477,41.53089928627014,-6.609834803868887,
5.199687606917281,0.13726109178489784,41.6119167804718,-6.583474286138894,
5.190315477005163,0.15617334844631475,41.69239616394043,-6.548108551521709,
5.183865301301975,0.17662771413472156,41.77107119560242,-6.512633554420164,
5.18085017879452,0.19831792584212818,41.85154891014099,-6.478470895989281,
5.181545239328566,0.22094796003656939,41.93223738670349,-6.448934006673164,
5.18573423867708,0.24305665682428165,42.01253080368042,-6.426841437902363,
5.192823575319899,0.2678830572623324,42.09151363372803,-6.413692460891692,
5.202146777887515,0.29158907724042443,42.17179298400879,-6.399537947758951,
5.212943818287984,0.31501240596892244,42.25149655342102,-6.3861180760505105,
5.224581392638831,0.3378024239339148,42.33186745643616,-6.372464335514286,
5.236761263902495,0.35962097212895705,42.41306829452515,-6.353683435274356,
5.249337796206343,0.3801232048763158,42.49290347099304,-6.333952191546802,
5.262299118659297,0.3989801174055583,42.57248783111572,-6.31347165191417,
5.275775411485216,0.4158964869349612,42.65173268318176,-6.291368297987829,
5.28980981855132,0.4299179490250979,42.73179006576538,-6.274294355583436,
5.3044623577704915,0.44223965199355525,42.81207227706909,-6.261942877022117,
5.319662548489635,0.4522007738055499,42.8921422958374,-6.257955927840196,
5.335052242888883,0.45874347283656514,42.97226810455322,-6.260644238244427,
5.350183274261944,0.4624194575973883,43.05195069313049,-6.26747910214411,
5.364564626406505,0.4631395551395656,43.13229727745056,-6.2817344151803995,
5.3777403277678095,0.46079353199018314,43.21256709098816,-6.297110720392762,
5.389241800459022,0.4553482290351308,43.29214692115784,-6.316794324649824,
5.398739672216523,0.44692610573999747,43.371963024139404,-6.33477282182387,
5.406093083616741,0.4358046237770281,43.452624559402466,-6.353142360225525,
5.41131636574664,0.4223682407345108,43.53240990638733,-6.371226194723737,
5.414605356125988,0.40706326316530944,43.61176085472107,-6.38853761877695,
5.416224960057793,0.39032623025771646,43.69213795661926,-6.406923146633722,
5.41630138842912,0.3725310173987653,43.7718231678009,-6.426299244771678,
5.414853252946811,0.3539445404025945,43.85177993774414,-6.444830269012139,
5.411870552081659,0.33475348193991417,43.93133592605591,-6.462456851945776,
5.407355289691368,0.3150903973469743,44.01184010505676,-6.480074382092227,
5.40140019955788,0.29507489197300846,44.092737913131714,-6.496614859936867,
5.394191524116353,0.27485798782087967,44.172165870666504,-6.513378076154879,
5.3858800250582215,0.25465783493887334,44.25313067436218,-6.530959511355471,
5.376574622157702,0.23480925077535963,44.333162784576416,-6.546988175522136,
5.366341814790817,0.21574157056375612,44.411688804626465,-6.5643955743996445,
5.355370837113045,0.19795028378840288,44.493024587631226,-6.578906794141643,
5.343825079825033,0.18194122396326418,44.572866678237915,-6.593486624565235,
5.331639977900853,0.16820593674620735,44.652196168899536,-6.600040346627966,
5.318853995715733,0.15717134595409651,44.73305797576904,-6.598406052368564,
5.3059141450896155,0.14916693385196572,44.81369924545288,-6.592879683872308,
5.29347339224964,0.14441628870034687,44.89447522163391,-6.579564394449398,
5.282088833134436,0.143054024070253,44.973090171813965,-6.565313591903523,
5.27222824209181,0.14515708534368202,45.0533971786499,-6.545724092284885,
5.264196952131692,0.15076413613326453,45.13221073150635,-6.523165910303541,
5.2582434175993455,0.15990393296701225,45.211918592453,-6.50186601245937,
5.2546707742868985,0.17263759650316837,45.29330277442932,-6.479649291075193,
5.2536130777690415,0.18906159117819862,45.372376680374146,-6.4589915929456,
5.254843765847592,0.2093007579311253,45.4518666267395,-6.435802331361496,
5.25808360106646,0.23349014779918378,45.53185534477234,-6.408819391654292,
5.263163979060462,0.2617525441901439,45.61208367347717,-6.375589040926721,
5.270089223044316,0.2941797316728382,45.69334697723389,-6.335612835114225,
5.279139652667501,0.3307593174257192,45.77249884605408,-6.287372981405072,
5.290594691533239,0.37138224652326574,45.853373289108276,-6.231716289463801,
5.3048228083334275,0.41584579587927073,45.93278455734253,-6.171598790556109,
5.322248760013493,0.46391473251865056,46.01265239715576,-6.106173461196948,
5.343210705672258,0.5152848082005296,46.09282207489014,-6.04305850504007,
5.367967311836522,0.569619298428796,46.17249274253845,-5.982817100567557,
5.396292997519357,0.6265860136583071,46.253761768341064,-5.91753858034229,
5.42770368942974,0.6858887415240509,46.333932876586914,-5.855728374523779,
5.461955455988362,0.7472888516324396,46.412702560424805,-5.787631622812661,
5.498852962069609,0.8105063912432882,46.49243712425232,-5.725083427546168,
5.5382308935585165,0.8752526407243916,46.57294273376465,-5.663103258638985,
5.57979039945831,0.9412123433321659,46.652682304382324,-5.588864021223105,
5.62312960742419,1.008088074573862,46.732667207717896,-5.516036628102454,
5.668303113575506,1.0754983345461806,46.81214642524719,-5.432790024751169,
5.715605667300996,1.1429997471986273,46.892498254776,-5.358946152278304,
5.7653970637045635,1.210119562902485,46.972131967544556,-5.291242216136844,
5.817646021210927,1.27639343077376,47.052536964416504,-5.217795057808948,
5.871885533755173,1.3414019238029877,47.13304853439331,-5.157023286568707,
5.9277901557218105,1.4046937602690883,47.21231722831726,-5.093346760373645,
5.98502133015454,1.4658560041549573,47.29246664047241,-5.048183752648802,
6.043168354894087,1.5245192305358248,47.3722620010376,-5.012840892788811,
6.101466714654737,1.5804022231374597,47.45304489135742,-4.9678703196640726,
6.158944608093491,1.6332192113122737,47.533947229385376,-4.9315783875912285,
6.215224238207709,1.6826920282448,47.612714529037476,-4.88512537145288,
6.2702509926939936,1.7285590816055398,47.693965911865234,-4.851154990657287,
6.3241444303734715,1.770596210919241,47.773741245269775,-4.808688804038912,
6.37691338568397,1.8086330413803695,47.8532657623291,-4.775112193127009,
6.428484564223875,1.8424461548223994,47.93347096443176,-4.753793230013899,
6.478999990199289,1.8717983246489511,48.01263880729675,-4.731896503671785,
6.528091923588192,1.8964542912033833,48.092347145080566,-4.729761976631751,
6.575385295006383,1.9161697116662981,48.17280316352844,-4.739519078986457,
6.620315189501437,1.9306846067456112,48.25269651412964,-4.746087336946916,
6.662021956077667,1.9398510249822036,48.33283257484436,-4.763617213420814,
6.700013689495264,1.9436669495041294,48.41396737098694,-4.778229216855476,
6.734068660263327,1.9422694833970895,48.49263072013855,-4.803682176155177,
6.76412842526377,1.935908125895832,48.572410345077515,-4.833185187468968,
6.790143478741288,1.9249164609404814,48.65287470817566,-4.858053670354938,
6.812060204974323,1.909648569447843,48.73289489746094,-4.888041980757359,
6.830032588088004,1.8904107023587784,48.81375002861023,-4.916766573947913,
6.8442615289777615,1.86739293946654,48.89412045478821,-4.952114293104524,
6.854953965389827,1.8406780295560905,48.97425413131714,-4.991956508280056,
6.862210924619413,1.810262023713924,49.05403017997742,-5.032420860958804,
6.865945061972344,1.7760890222988737,49.134090423583984,-5.077303194329505,
6.866072404620356,1.7401053058676865,49.21551752090454,-5.126662480797611,
6.862510367483464,1.6963937381348324,49.29479789733887,-5.176886623371088,
6.8551050153862585,1.6511261246174591,49.37423586845398,-5.240459210056571,
6.843562888458402,1.6026744041656962,49.45473575592041,-5.305671774943515,
6.82754918716916,1.5541069161906478,49.534398555755615,-5.369418328532635,
6.806839888856273,1.4980673090927807,49.61419367790222,-5.42766597288721,
6.7814895465945515,1.4428400688771672,49.69482350349426,-5.4897603206836365,
6.751968164755722,1.3890890249009638,49.77480673789978,-5.545033857253089,
6.718707682046403,1.3285276420856313,49.85470700263977,-5.592406090800653,
6.682152189479217,1.272863661703538,49.93534231185913,-5.644909005683995,
6.6430892050706225,1.210445926029142,50.015366315841675,-5.695359601470309,
6.602168882279324,1.1501723637237646,50.09540271759033,-5.753017419718514,
6.559827268317438,1.0891578764638785,50.175196409225464,-5.813057928707663,
6.51610840042364,1.027508628867705,50.25524020195007,-5.884963351825014,
6.470835699217688,0.9653459169213581,50.33487915992737,-5.956177878181388,
6.423761786828978,0.9060306219346826,50.41520404815674,-6.039703596220096,
6.3745959865520545,0.8435958736868893,50.49456453323364,-6.1067604640143776,
6.323234136546555,0.7814878752880524,50.57478213310242,-6.173334924570237,
6.2696489896061935,0.7200237706494161,50.65445613861084,-6.247163333406799,
6.21428979071127,0.6564151944894189,50.73507332801819,-6.309381367317374,
6.1573526918729256,0.5969226774263267,50.814563035964966,-6.383353784149575,
6.0990392462059715,0.541513482978974,50.89502811431885,-6.435601707733362,
6.039551173480911,0.48440569283672885,50.975369453430176,-6.469924873077219,
5.979218167631763,0.42580014694011203,51.05482769012451,-6.515571999676494,
5.91915043300359,0.37123981709036136,51.1343560218811,-6.56205369833847,
5.8601967302804185,0.3179414025848518,51.21438431739807,-6.619238922506693,
5.802452358839071,0.26596434992268997,51.29440474510193,-6.666782217227979,
5.745635086748596,0.21539597657166182,51.374335527420044,-6.714520680833339,
5.689470843518584,0.16634017839871387,51.45469307899475,-6.774932594701263,
5.633915206166353,0.1213017425886549,51.5344672203064,-6.827602089584925,
5.578821440111567,0.07346290970772576,51.614397048950195,-6.8817675968488805,
5.523991767315007,0.02995758912050825,51.69403696060181,-6.928778176813616,
5.469395199895424,-0.009462767849444274,51.776257276535034,-6.9649215417509325,
5.4151002532224375,-0.050838260369031274,51.8547158241272,-6.999193056659037,
5.361482982641821,-0.08811507562217336,51.93536710739136,-7.027288893128517,
5.309221129934157,-0.12165881919500765,52.015435218811035,-7.059787930955832,
5.258828335983045,-0.15507686460940856,52.09449744224548,-7.074197926496466,
5.210475048239225,-0.18818541477300912,52.17442750930786,-7.088882426434094,
5.164248118055912,-0.21788413627641937,52.255715131759644,-7.118009965808551,
5.120405205129224,-0.24444852265814623,52.335503339767456,-7.1400740778449014,
5.078697510726746,-0.27065632765381276,52.41496253013611,-7.166310954986167,
5.038758590518495,-0.29618375228213056,52.49498963356018,-7.185461329751366,
5.000369179145931,-0.31854668589239815,52.576066732406616,-7.204022288795458,
4.963382645166209,-0.33795602838183475,52.65460443496704,-7.226263432809538,
4.927988419542097,-0.3572509790514119,52.734792709350586,-7.2363553881234886,
4.894222474853498,-0.3734750511861335,52.81492352485657,-7.252567733536364,
4.8621856659203795,-0.38761409326825663,52.89461827278137,-7.25649508183319,
4.831939796609756,-0.3997057551298575,52.97611474990845,-7.254356016121973,
4.803503261623348,-0.40981693069596475,53.0546133518219,-7.255176156901964,
4.777141989268487,-0.41814336443718314,53.13577842712402,-7.250050158711513,
4.753144022598805,-0.4249715038332672,53.216325998306274,-7.249476856181222,
4.7316599442698735,-0.43038538485259215,53.2970986366272,-7.245297574767391,
4.712581977737293,-0.4342088429444289,53.375243186950684,-7.247600928171159,
4.695630344285006,-0.4360302584081049,53.45525074005127,-7.248261698660643,
4.68041283438759,-0.4352800641701631,53.53528189659119,-7.244773819007677,
4.666570194917282,-0.4313438133162119,53.61552691459656,-7.238002821710728,
4.6539686010518535,-0.4237006178865317,53.69618463516235,-7.2187497573824935,
4.642694068414478,-0.41202559658602855,53.77592658996582,-7.190134306738999,
4.633194111186855,-0.3962384538965426,53.856141805648804,-7.149575699253469,
4.626193330077638,-0.3764705751525853,53.93566131591797,-7.098667511215594,
4.622363680346421,-0.3530148721814341,54.01542139053345,-7.044166328789697,
4.622477654476313,-0.326220898282663,54.09645223617554,-6.98854813845726,
4.626923947877049,-0.29638037379526,54.175182819366455,-6.937770659034996,
4.635578826949547,-0.2636316912150426,54.25584030151367,-6.89308706413083,
4.648049304185513,-0.22790480203558747,54.33566474914551,-6.85518118569568,
4.663729135221181,-0.18898766724904237,54.414947748184204,-6.817082794632601,
4.6818488136528,-0.14656314030531686,54.49613404273987,-6.779018312967427,
4.701790176158743,-0.10029979165219806,54.57560396194458,-6.728802837074072,
4.723206998911192,-0.0498994339260069,54.65579891204834,-6.668015745208974,
4.746212814281039,0.004760121040490726,54.735777854919434,-6.594691837320522,
4.771249686129368,0.06359840670860975,54.81518912315369,-6.502070888283082,
4.79898568101617,0.1263566200680829,54.89617609977722,-6.4037887452375495,
4.830394772148887,0.19266680279316203,54.97570514678955,-6.2949273894234485,
4.866350799206942,0.2621482385619888,55.05605125427246,-6.1906629106786575,
4.907474213831242,0.3343825051581897,55.13645696640015,-6.100129270180657,
4.953955485958423,0.40902481126183227,55.21627616882324,-6.0115352248854625,
5.005008436805718,0.4858311634209825,55.298102378845215,-5.93864407007575,
5.059774850427608,0.5647221488357572,55.37900137901306,-5.86173706712369,
5.117361791368314,0.6455908013365694,55.45849394798279,-5.791594638557168,
5.176970287633078,0.7283219355128188,55.536734104156494,-5.728009241258879,
5.238052967471578,0.8128184453798483,55.61743640899658,-5.638922033186359,
5.303148545363049,0.898925334835019,55.69917941093445,-5.551753124972225,
5.362997694925928,0.9864248995314385,55.77675914764404,-5.448879718114701,
5.427443267695414,1.0749054693760907,55.85663557052612,-5.3325630857580695,
5.494036535305033,1.1638576257586477,55.93739986419678,-5.227339325745873,
5.5635980918556625,1.2527136321194647,56.015965938568115,-5.112928545231687,
5.6363661616673735,1.3409684736504301,56.09655404090881,-5.016089297443083,
5.712345067039635,1.4280916274768263,56.176127433776855,-4.917519630480702,
5.795265487996621,1.513581281844784,56.258278131484985,-4.840319056777021,
5.872341238170297,1.596999992077398,56.336034536361694,-4.794628773997314,
5.954595274650155,1.677990903945133,56.4164092540741,-4.730889580435646,
6.036398267011716,1.7563270513595486,56.49688792228699,-4.68222317737097,
6.116656392362973,1.8316748121145359,56.57623100280762,-4.616407937261819,
6.194873984251659,1.90363458573791,56.656506299972534,-4.553820695420183,
6.271031341507176,1.971773667722143,56.73721957206726,-4.500895990053237,
6.34551909534872,2.035684635473701,56.816405057907104,-4.428489951944158,
6.418378744135127,2.0949021429844255,56.896419286727905,-4.367205960471216,
6.48992856836445,2.1489518677392825,56.975982666015625,-4.297808841207478,
6.560458285901653,2.1973943038520374,57.05712056159973,-4.2478146887993615,
6.630147769171996,2.2398565219995707,57.13684034347534,-4.226592086000396,
6.698839216271285,2.276044788998019,57.216238021850586,-4.201853803738182,
6.765512435069236,2.305644293479201,57.2963228225708,-4.208256538247953,
6.8291628437111225,2.3273267847059222,57.37654638290405,-4.231483752316495,
6.888853544115036,2.343090039934214,57.456807136535645,-4.252998611178333,
6.943415761285277,2.3514569594898287,57.53705453872681,-4.284944192412431,
6.992056592351367,2.3522771072260826,57.61647295951843,-4.31032325578328,
7.034401607908191,2.3456165721076565,57.69622278213501,-4.341492926991162,
7.070440036591097,2.3320011484731795,57.77650213241577,-4.374483270416129,
7.1004633107087844,2.3129843544902906,57.85655403137207,-4.3997981580186165,
7.124697807109028,2.2854785958334203,57.936081886291504,-4.431736297919665,
7.143603254204976,2.2532758361296312,58.01640605926514,-4.4674103659650495,
7.157723822714868,2.215425553980122,58.09649872779846,-4.512661136852629,
7.167331156722244,2.1720160194427054,58.17624759674072,-4.567610135709486,
7.172509010446651,2.123010559202345,58.25642108917236,-4.630419208134767,
7.173152237867574,2.0683783804041105,58.33665585517883,-4.705883457496135,
7.168874618491855,2.011312004021037,58.41728758811951,-4.790648533944545,
7.1589975860211545,1.9425488493688863,58.49708557128906,-4.8755034741017464,
7.142962022632487,1.8718360063977677,58.57680106163025,-4.977117266071159,
7.120494943141982,1.7964487382184764,58.65672707557678,-5.081575673138809,
7.091440112686195,1.7210607978473962,58.737244606018066,-5.1806286796495264,
7.055590559042698,1.6341666322492472,58.81715655326843,-5.270908827957441,
7.013091796057201,1.5485771585877148,58.89690685272217,-5.368240728237246,
6.964649283736034,1.4606793789101844,58.97687530517578,-5.455071484953189,
6.9110974055335905,1.370914850796477,59.05630397796631,-5.54846604269955,
6.853245007784824,1.279702398964687,59.136688232421875,-5.632020111557067,
6.791846958137872,1.192061839568183,59.216668128967285,-5.730400965919071,
6.727454619324004,1.0991406188615442,59.29642415046692,-5.814450837500252,
6.660540598498896,1.0058975983526688,59.37712645530701,-5.906350120864946,
6.591363950566117,0.9081872911453939,59.45742607116699,-6.020992813633786,
6.520292570190977,0.8159555162670828,59.538256883621216,-6.1388509992061975,
6.44704746398598,0.725120077579438,59.616873264312744,-6.26379006997274,
6.370819720699985,0.6405548546469678,59.697285890579224,-6.369153859458992,
6.291025953034562,0.553824097322546,59.77734088897705,-6.444225092822683,
6.207746043376363,0.4698558609988791,59.85699677467346,-6.524294223089535,
6.122203611273636,0.3850816203875001,59.93719482421875,-6.576140652693186,
6.035781222032532,0.307840032872523,60.01736330986023,-6.64505051865336,
5.9498018852973855,0.23422860639493348,60.09689736366272,-6.692016635858351,
5.865276108307845,0.16455508932873278,60.176703691482544,-6.729711342280409,
5.7826425816223805,0.09911393469498932,60.25666642189026,-6.783487033455275,
5.702676356009962,0.041106409141741906,60.33693027496338,-6.8226919347930295,
5.625694168373359,-0.015342179678761031,60.41689848899841,-6.8719382909499505,
5.551634813595723,-0.0693352101277197,60.49750471115112,-6.916362804922625,
5.4804748935211895,-0.11552848947366853,60.57653760910034,-6.963079445878587,
5.4120108663036195,-0.156491983266654,60.6571478843689,-7.017148338183121,
5.346060924087541,-0.19216776908607983,60.738006830215454,-7.047160136846242,
5.282159476100243,-0.22256661481832163,60.81774640083313,-7.077733413849367,
5.220273766425848,-0.24657982844319226,60.89754056930542,-7.085959028496359,
5.160829813460942,-0.2668101529632799,60.977179288864136,-7.073623464745373,
5.104568520743749,-0.28259084429948134,61.05764627456665,-7.0647933877822435,
5.0528009641777745,-0.29218434787111286,61.138214349746704,-7.041412132286011,
5.006276988610374,-0.29776805210442925,61.21750068664551,-7.025974759959002,
4.965366866693894,-0.2983515942764319,61.29778838157654,-7.007056232858366,
4.930099580163045,-0.2945043162990966,61.37747836112976,-6.9883965422470675,
4.900112382860794,-0.2869486468235349,61.45808291435242,-6.979317296010784,
4.874990970832349,-0.27444681007166455,61.53961753845215,-6.96545390073691,
4.854087181571422,-0.25878411895201975,61.61733627319336,-6.95173373111652,
4.836680553552464,-0.2397716413559386,61.69740581512451,-6.929253185433764,
4.822353251876345,-0.21772324794524553,61.777710914611816,-6.897615830557789,
4.8110527957725795,-0.1929258920113229,61.85779905319214,-6.863004222913315,
4.803138416500614,-0.16566653742462872,61.93776297569275,-6.820066402553575,
4.798856771555156,-0.13623274692737058,62.01897430419922,-6.77535285380697,
4.798373276881944,-0.10491223761642375,62.09809398651123,-6.728220699078307,
4.801747163306875,-0.07366774907631421,62.17761278152466,-6.681905215197898,
4.80880169112518,-0.0394856538773637,62.2578239440918,-6.6422267291204005,
4.819114539427827,-0.0024963609829263393,62.337361335754395,-6.603805619419402,
4.832212400506718,0.03341767736885926,62.41711616516113,-6.55895812895989,
4.847652564780819,0.06784442656188241,62.49763607978821,-6.518085557258716,
4.865210007188498,0.10584349803575063,62.57672572135925,-6.484216056314512,
4.884686113466733,0.14146571557224907,62.65719676017761,-6.439886284213965,
4.905695124776372,0.17596316199832113,62.73686075210571,-6.401714748561957,
4.928096991461703,0.20890384048050553,62.81678581237793,-6.361958127258779,
4.95176795044313,0.2400520900045617,62.897850036621094,-6.3289397065494155,
4.976504303365071,0.26939309221065294,62.9771192073822,-6.3012102717989835,
5.002154158413538,0.2970238401988897,63.057411432266235,-6.27363136416478,
5.0283673514332525,0.32311020220668096,63.13744807243347,-6.25522940645105,
5.0547051479259855,0.3478242155357246,63.21649098396301,-6.230897477812583,
5.080730597406376,0.3713164618190355,63.29702925682068,-6.211606469648835,
5.106237470464756,0.3936382445746151,63.37760901451111,-6.184620973389702,
5.131229039822016,0.4147392165458492,63.45694017410278,-6.15779154423261,
5.155839624152126,0.43449202266777454,63.537368297576904,-6.134374331252088,
5.180251811282667,0.45273784734741035,63.61730337142944,-6.106136456736418,
5.204452636199193,0.4693418673760657,63.697614908218384,-6.083797663637789,
5.228450925636753,0.48422011269062953,63.777129888534546,-6.060561946284763,
5.252311288549585,0.49739358954884105,63.856950521469116,-6.047494970372845,
5.276063662717321,0.509002304567831,63.93764281272888,-6.045840229138,
5.299455453733957,0.5193032257988112,64.01725149154663,-6.044697444117303,
5.321952405052398,0.5286179493142262,64.09756374359131,-6.0488169816132205,
5.343090100807127,0.5372907159520076,64.17734622955322,-6.047409314493966,
5.362555290532865,0.5456425983509295,64.25696039199829,-6.045012014642537,
5.380244401050746,0.5539343730538205,64.33725142478943,-6.040621685700078,
5.396324851840288,0.5623480641340469,64.41677188873291,-6.0255267993050134,
5.411029822074885,0.5709766113848549,64.49672865867615,-6.00630238472132,
5.42481949245987,0.5798553384221646,64.57719612121582,-5.983559003164296,
5.4384585352670465,0.5889988880521448,64.65733194351196,-5.9597441599947105,
5.452554888684335,0.5984504557433223,64.73688673973083,-5.942408011007356,
5.467357419806316,0.6083018387945283,64.81732535362244,-5.928216744653865,
5.482795478440021,0.6187124583747252,64.89932084083557,-5.921580988812274,
5.498580897750688,0.629908486654656,64.97877621650696,-5.919795711039476,
5.514369603488888,0.6421641037716257,65.05882334709167,-5.917649436189715,
5.529687323889934,0.655771360878017,65.13832902908325,-5.916073790955517,
5.544173202206555,0.670979255533334,65.21840453147888,-5.904814665123362,
5.557636813638197,0.6879692604778536,65.29848504066467,-5.885782869316208,
5.570164128452861,0.7068342042164093,65.37938737869263,-5.856618356106451,
5.58230037742295,0.7275943759436971,65.45975303649902,-5.815888928270459,
5.594756563031054,0.7501853582407707,65.53919672966003,-5.771826614718777,
5.60831089055103,0.7744888381672674,65.6187813282013,-5.723207660583829,
5.623575018145689,0.8003706132901527,65.6990864276886,-5.678669321384933,
5.640947815282607,0.8277173671698524,65.7788245677948,-5.635944628034661,
5.66061332328306,0.8564645146940105,65.85848331451416,-5.603269402926977,
5.682455090290777,0.8865571354884023,65.93842458724976,-5.581635292292425,
5.706072643548852,0.9179597625159501,66.01867532730103,-5.5605804732923145,
5.730687216238776,0.9506334783215593,66.09839034080505,-5.543123691239172,
5.755558980400939,0.9845391708483552,66.17944574356079,-5.522927491762442,
5.780363223440732,1.0195661781747205,66.25835418701172,-5.49175498889798,
5.804979420881394,1.0555263221189597,66.3395254611969,-5.4574702273638485,
5.829692222128736,1.0921629088193756,66.41944742202759,-5.4121708870175285,
5.854916886085885,1.129173983807357,66.49972414970398,-5.3651736103186325,
5.881139855838223,1.1662474937685616,66.57935523986816,-5.3187864466999,
5.9088600084036464,1.2030309379855624,66.65951442718506,-5.271600286777497,
5.938276431804749,1.239182908798061,66.73930382728577,-5.236528859206245,
5.96935768156401,1.2743929776419063,66.81927466392517,-5.204699569465374,
6.001696224420542,1.306747135936594,66.89893436431885,-5.184511238887662,
6.034625932586068,1.3410245992855094,66.97903871536255,-5.176188508623527,
6.067392442274204,1.3704984918340528,67.05861115455627,-5.155800370494734,
6.099119275055469,1.4011802517313579,67.13926362991333,-5.145794653334597,
6.129442549678839,1.42836923910409,67.21949505805969,-5.1197097802830696,
6.158359026611547,1.4534131690815466,67.29876279830933,-5.094829128556237,
6.186063666059273,1.47611644957476,67.38040208816528,-5.069881352419736,
6.213077816562061,1.4962767154683265,67.45930695533752,-5.043229560697791,
6.23973649412806,1.5128928077466888,67.53996348381042,-5.027463441494163,
6.266226274190255,1.527534404711584,67.61939930915833,-5.016691211761627,
6.292369458182683,1.5395961024116305,67.69907069206238,-5.0171101330217285,
6.317770967820071,1.5477910509052624,67.7790880203247,-5.025184231611739,
6.342134433550383,1.5526900104919785,67.85939002037048,-5.038539441196109,
6.364963290065781,1.5542745283581374,67.93976187705994,-5.063850428028487,
6.385745195296011,1.5526330420561163,68.02052187919617,-5.089166862250381,
6.403923371595899,1.5479347002373858,68.09969806671143,-5.117769045405622,
6.418995580084227,1.5402505608108277,68.17958569526672,-5.144589013493226,
6.4307970841096935,1.5295935513069912,68.26068472862244,-5.165758869141839,
6.439364881399974,1.5159621270175978,68.34115171432495,-5.185342368411984,
6.444928415814535,1.4993777091438696,68.41997814178467,-5.201825140203905,
6.447894002454349,1.479908046583751,68.50051999092102,-5.219307147066282,
6.448648609902709,1.4576793058018094,68.58006954193115,-5.2398827450258,
6.447662468550452,1.4328731244159452,68.65965223312378,-5.267760044016787,
6.445112941635959,1.4057088238262265,68.73965358734131,-5.303552541557652,
6.440853820714967,1.3764645589290245,68.81950378417969,-5.346849940281137,
6.434506189166307,1.3454368255808984,68.89914751052856,-5.394479151761242,
6.425653757850338,1.312926416209728,68.9792013168335,-5.443097057952752,
6.413893773076747,1.2791962094260496,69.05938506126404,-5.492717851589664,
6.3989886289409865,1.2445005243453489,69.1393609046936,-5.535879606517166,
6.380853597046942,1.2090828011997066,69.2195098400116,-5.576263034250719,
6.359699816575505,1.1731686355018378,69.29932928085327,-5.606658296631341,
6.336044171339228,1.138765658901776,69.3800892829895,-5.630126256659301,
6.310510001323934,1.1005962951350605,69.46225595474243,-5.650302144488766,
6.283841751788112,1.0642855524508505,69.54159545898438,-5.673492147954518,
6.2568089455847415,1.0282075939622068,69.62074136734009,-5.704399364164125,
6.229889437806304,0.992550289241933,69.70097994804382,-5.736797617710005,
6.2030277485568135,0.957468816985425,69.77998638153076,-5.772674677718939,
6.1759433577709935,0.9231301007064627,69.86105537414551,-5.8168799197875884,
6.148302797150577,0.891342481805128,69.94001865386963,-5.856186960584049,
6.1197096649987905,0.8572818975080916,70.01946902275085,-5.893299734739627,
6.090010426938955,0.8275182534702537,70.1003348827362,-5.928404241229182,
6.059232071434815,0.7958187135073076,70.17925715446472,-5.950313963480133,
6.027660592169898,0.7668042691646021,70.2596960067749,-5.978164518238955,
5.995821287915969,0.7402868076464996,70.34091591835022,-5.993945359980258,
5.964244120290735,0.7121130704412275,70.42005181312561,-6.0091507768595696,
5.933317853082883,0.686300929263796,70.49964618682861,-6.026186327504211,
5.903429517629037,0.6614023393943753,70.5799400806427,-6.04351069425116,
5.874805439393258,0.6373422184310649,70.66036939620972,-6.070439264821142,
5.847410832528807,0.6140445920894274,70.74102878570557,-6.095478315467278,
5.820942242544505,0.592540149028545,70.82086873054504,-6.128625418709973,
5.79498362257135,0.5693843955069113,70.90144944190979,-6.15620979509872,
5.769118912848265,0.5478331198613298,70.98177146911621,-6.1913652818383635,
5.743173510653727,0.5266716616359736,71.06026244163513,-6.220846031761386,
5.717099753071893,0.5057868896596907,71.1402587890625,-6.2414169093361425,
5.690792682771821,0.4850353467185114,71.2206814289093,-6.264110410248779,
5.664461279899979,0.4642786866436356,71.30088400840759,-6.2809124125485765,
5.638496491392348,0.4444350542057805,71.38095235824585,-6.295355472048365,
5.6131296411988405,0.4232870141761261,71.46090817451477,-6.313624901486661,
5.588617377257303,0.4017613842584328,71.54159784317017,-6.332909056074583,
5.565013047061091,0.379731968548104,71.62210249900818,-6.35985838655668,
5.542238022403462,0.3559280635544292,71.70170307159424,-6.388939887482575,
5.5200670073795495,0.3325238340835521,71.78153824806213,-6.423664337643505,
5.49816383401208,0.30836641202230314,71.86195492744446,-6.465253518613142,
5.476118587307503,0.2834580748068756,71.94145393371582,-6.502312035524478,
5.4533992066985775,0.2578563147603287,72.02048254013062,-6.541896858346222,
5.429607371040027,0.23164457858832008,72.10183310508728,-6.574166680729851,
5.404554671866359,0.2049022050197492,72.18054103851318,-6.60555220658868,
5.378366414982273,0.17904958264218404,72.2605333328247,-6.629043001596603,
5.351431873437173,0.1513788115802956,72.3403046131134,-6.640235525968996,
5.324200139894678,0.1218202561317667,72.4205892086029,-6.659701997681395,
5.297345345206125,0.0946972061574379,72.50064301490784,-6.680131769606551,
5.271295307807011,0.06438311518179475,72.58062052726746,-6.698735135614874,
5.246054534305179,0.035224570353585456,72.66075158119202,-6.733769661203858,
5.221622134569247,0.005830786207551202,72.74073648452759,-6.7702318359766975,
5.1977303981569545,-0.0237349757085934,72.82134771347046,-6.813264053094078,
5.173705898914657,-0.053382198278150175,72.90279698371887,-6.854383170214383,
5.148907902870212,-0.08151552917265113,72.98317098617554,-6.891457422763218,
5.122876936198112,-0.11248275670180681,73.06117272377014,-6.923734163363663,
5.095689478204884,-0.14188788654626017,73.14121603965759,-6.949836753900699,
5.067599731207331,-0.1711779606641776,73.22059226036072,-6.9744404909302995,
5.039091482012969,-0.2000602160315789,73.30049586296082,-6.991350099714143,
5.010642466976216,-0.22800421065384727,73.38179111480713,-7.00481865667761,
4.9827272016229545,-0.2542792227561416,73.46163702011108,-7.023492451331618,
4.955734434429318,-0.27808284619690976,73.54142379760742,-7.036148166017946,
4.929810467502355,-0.298676173218754,73.62119317054749,-7.05265971563832,
4.905071343766705,-0.31549344520013756,73.70095992088318,-7.0613586102590284,
4.8815437863081,-0.32820224410109133,73.78076410293579,-7.0691163293853085,
4.859231279307757,-0.3366893119742823,73.86037945747375,-7.066468143752025,
4.838304242477934,-0.34103094258057676,73.94092154502869,-7.051098134103954,
4.819109613642476,-0.3414081310081247,74.02100253105164,-7.034033514873734,
4.802306866068907,-0.3380039323619902,74.10192060470581,-7.009553184484925,
4.788575160885513,-0.33091817604881046,74.1806697845459,-6.987377936899782,
4.778223542612465,-0.32011231880419494,74.26124620437622,-6.962744377979608,
4.771245816174188,-0.305386974492586,74.34163451194763,-6.936853028636018,
4.767525086535942,-0.28640173953661074,74.42155528068542,-6.9136598847697215,
4.766871282852349,-0.2627290602407534,74.50270867347717,-6.8873138309533894,
4.768922592900826,-0.23397897947477692,74.58247900009155,-6.855318870250251,
4.77334577901363,-0.1998739362998179,74.66288733482361,-6.812237348564405,
4.780043544950668,-0.1603109497422758,74.7423300743103,-6.75668706075652,
4.7892902668360495,-0.11534113013667124,74.82339143753052,-6.687753601863917,
4.801686870797596,-0.06520353285086611,74.90353727340698,-6.608581921248504,
4.8179652362978205,-0.010263058238627993,74.98242545127869,-6.520408971986921,
4.838770067402895,0.04907640262022809,75.06146502494812,-6.429860176344296,
4.864621378764234,0.11246249763641548,75.14241933822632,-6.344526441860092,
4.895830758771689,0.1796685048630006,75.2217345237732,-6.260141933702805,
4.932258772690524,0.2505119817300349,75.30180859565735,-6.185356211393119,
4.9733983860938284,0.32488710952227773,75.38197708129883,-6.117827957364046,
5.018469836565863,0.4027201041983347,75.46224045753479,-6.042491835781988,
5.066494104894075,0.48395018178357085,75.54169130325317,-5.970557890262395,
5.116939868416242,0.5683868395136534,75.62223958969116,-5.880522753232575,
5.169573407493911,0.655778727036373,75.70177674293518,-5.785724418012384,
5.224624205589733,0.7457622341828302,75.78181958198547,-5.683762687741182,
5.282428533296595,0.8378928555908955,75.86268949508667,-5.56134751135538,
5.34323670105903,0.9316989201774178,75.94237422943115,-5.446167377282508,
5.4078816911475975,1.02658394208777,76.02237486839294,-5.316326527795421,
5.4765676472197375,1.121945501042536,76.10227036476135,-5.2070644008159865,
5.549576567111046,1.2172083563473584,76.18279385566711,-5.11377221881483,
5.62671349889031,1.3119248760408222,76.26266551017761,-5.019095676526837,
5.706908261063814,1.4056391697199764,76.34254789352417,-4.950539979529295,
5.789183644127307,1.4979048625810996,76.42194557189941,-4.874173780413135,
5.872407776016637,1.5882937164010513,76.50355792045593,-4.8112677267040835,
5.9556711298339176,1.676399273735183,76.58209037780762,-4.7328914332512175,
6.038284505418982,1.7618390361631202,76.66252160072327,-4.6585218918760845,
6.120003207332855,1.844121104533937,76.74227690696716,-4.594958229735487,
6.2010016155161685,1.922759562555532,76.82187938690186,-4.511350246474663,
6.2811191124908365,1.9972550829278786,76.90168619155884,-4.4391427671176755,
6.360545845522806,2.0670934529371467,76.98280715942383,-4.377624606941433,
6.439564980549553,2.13173008783105,77.06384682655334,-4.309981847461057,
6.517889073726384,2.190651281437641,77.14211583137512,-4.270959033373247,
6.595374946656915,2.2434200018825377,77.22424864768982,-4.231214774468452,
6.671424040004648,2.2897007471053383,77.30302786827087,-4.216272172734945,
6.745187288067675,2.329261509321167,77.38285088539124,-4.200899647027446,
6.8156876219593325,2.3619028661426893,77.46217465400696,-4.202780500695218,
6.882123163260387,2.387486696465872,77.54250764846802,-4.223599000744118,
6.9439596359911135,2.4059168659412675,77.6222152709961,-4.232845022932873,
7.000471265674716,2.4171277643665783,77.70332932472229,-4.251494082328481,
7.051287255810628,2.421027866809706,77.78215336799622,-4.260682529166464,
7.096366644883242,2.417848975578164,77.8613691329956,-4.274701895177826,
7.135879890990661,2.4063866576941657,77.94165134429932,-4.29969977346789,
7.170232368963654,2.387678292700962,78.02221131324768,-4.3238414899748845,
7.199594555112808,2.3614965945895023,78.10228729248047,-4.363257941055736,
7.2239965433021665,2.329987681365205,78.18271923065186,-4.416872471937876,
7.243302430501026,2.2880844133730327,78.26253485679626,-4.470961149589033,
7.256979503983608,2.241777703024818,78.34258770942688,-4.547106492391654,
7.264742703344137,2.1896458466159032,78.42237424850464,-4.625165836574088,
7.266369033930427,2.1320509528836538,78.5034875869751,-4.708007690259534,
7.2613930598700795,2.069288522141749,78.58311581611633,-4.791638472577245,
7.249344994218662,2.001590120292779,78.66292476654053,-4.874395088323118,
7.230281027441569,1.9328681455758316,78.74427723884583,-4.9544551849211125,
7.204672922953029,1.8560631037806667,78.82280659675598,-5.030290429776441,
7.173123994524006,1.7749599951657085,78.90231966972351,-5.110038546192615,
7.136398620937788,1.685666076872603,78.9832124710083,-5.19679328228596,
7.095093000026248,1.5972009105073985,79.0634274482727,-5.311231927769016,
7.049542364923155,1.5058687150787966,79.14370679855347,-5.420888866380829,
6.999393875361238,1.4122426749205053,79.22285079956055,-5.543035895515821,
6.944148039929477,1.316942599613913,79.3038923740387,-5.659888377808851,
6.883574006466762,1.2205762388063939,79.38375973701477,-5.769990390253039,
6.817591191280912,1.123686332806733,79.46289491653442,-5.885848931206236,
6.746649732002795,1.0267119170451946,79.54447555541992,-5.981018516329747,
6.671338383641766,0.9301279640474188,79.62323999404907,-6.083136054025738,
6.592502706912581,0.8343668880890235,79.7030758857727,-6.170360667023402,
6.51105973394248,0.7445054842868697,79.78326892852783,-6.249326450823344,
6.427730481575124,0.6514378349273462,79.86480689048767,-6.329609434275031,
6.343476792186234,0.5557238708059923,79.94422626495361,-6.40092616613997,
6.259033573080726,0.46691154905343657,80.02464151382446,-6.506801661973257,
6.174941931868734,0.3807896050317817,80.10481643676758,-6.5998912714676115,
6.090879145364563,0.3017959166313506,80.18426132202148,-6.685447089543004,
6.006481120669777,0.21801231032595214,80.26368021965027,-6.773654239594131,
5.921746001051615,0.1419445925447793,80.34356117248535,-6.853203947083524,
5.836805872127438,0.06985918471999232,80.42342495918274,-6.937301020497543,
5.751953102680783,0.0020520375489843715,80.50341606140137,-6.9974012613674645,
5.667438481225257,-0.058235643377664466,80.58378386497498,-7.039324046895358,
5.583765283092584,-0.12002052379567688,80.66348075866699,-7.07828887471023,
5.5020654350151785,-0.17401152183979193,80.74415516853333,-7.104307987842668,
5.423380412714743,-0.22321249979579813,80.82507276535034,-7.140708543010802,
5.352116489438133,-0.2655212325279138,80.90373826026917,-7.164835217912008,
5.277693943331084,-0.3073008996322441,80.98449754714966,-7.1887278394421745,
5.210924997886061,-0.34226191568346237,81.06355834007263,-7.219645918596682,
5.148090110275638,-0.3725422030280799,81.14343214035034,-7.236510007564583,
5.0888506558550075,-0.39701387433088503,81.2233772277832,-7.263197053639691,
5.032972451148016,-0.4192480310058781,81.3030514717102,-7.274218665497745,
4.980280732421785,-0.4350781635447315,81.38496470451355,-7.2794077657227145,
4.930660332204547,-0.4474179153081596,81.46411681175232,-7.283333477599379,
4.884403391850788,-0.45572285054959966,81.54506731033325,-7.269195142384355,
4.841674767510441,-0.4592767667102985,81.6246645450592,-7.257578851747099,
4.802809318687493,-0.45903217972718063,81.70560550689697,-7.233417966114411,
4.768243720610492,-0.4549576654880003,81.78394889831543,-7.212889026557862,
4.738316981992306,-0.44740727061899843,81.86408019065857,-7.187158429212885,
4.71315030823931,-0.4366732081262355,81.94455671310425,-7.156626455709373,
4.692568628068047,-0.42303383636365327,82.02408075332642,-7.1333773057590015,
4.67647840785702,-0.40674575171642513,82.10332441329956,-7.108818000979583,
4.664624156647243,-0.38902476452079005,82.18364000320435,-7.084576106769845,
4.656731037022535,-0.3681798725889942,82.26311612129211,-7.068925886717967,
4.652644798799173,-0.3452447099839024,82.34310483932495,-7.050273421209457,
4.65138772560808,-0.3190445043320738,82.42281007766724,-7.030510171496614,
4.652578768086703,-0.2922867000109622,82.50252723693848,-7.000998690501591,
4.655520170555133,-0.2641073658013521,82.58254909515381,-6.965822314520715,
4.65999423081494,-0.23484497454513625,82.6631064414978,-6.92113970194976,
4.6661557087303365,-0.2047649350633837,82.74359035491943,-6.87033962853489,
4.674370076151303,-0.1740427113569308,82.82294726371765,-6.814215176959188,
4.685042731439871,-0.1427333504503267,82.90481090545654,-6.760403661524376,
4.698505448067195,-0.11077851355932013,82.98412728309631,-6.7077910603007815,
4.714895127974006,-0.07803811214915704,83.06534743309021,-6.662578792737187,
4.734125558733616,-0.04432873863252727,83.14515709877014,-6.626643239384005,
4.755900687477592,-0.00951723733680714,83.22388911247253,-6.591061807304548,
4.779630455296256,0.026443504671355318,83.30386590957642,-6.55894701108787,
4.804663765462285,0.06349053462017087,83.3835837841034,-6.5253954902311335,
4.830529538977745,0.10149586037059237,83.46363568305969,-6.482182238854556,
4.856947529524264,0.14024967819767478,83.54438519477844,-6.43806639690342,
4.884036580298529,0.17952096543238372,83.62476897239685,-6.380983308286681,
4.91201054635575,0.21911910471027526,83.7047700881958,-6.326413784969901,
4.941260670702425,0.25894365840099093,83.7850284576416,-6.266375767268785,
4.972143311346185,0.2990131864735394,83.86467289924622,-6.212127975094027,
5.004811980588016,0.3393981471237121,83.94381165504456,-6.168225596860549,
5.039174258258721,0.3802261952711627,84.02343130111694,-6.1213455711095115,
5.0747938010206255,0.42164033191470485,84.10438895225525,-6.081498767264204,
5.1112319554696874,0.4637930414458933,84.18384051322937,-6.044311408353454,
5.148227929221517,0.5067502434675848,84.26349949836731,-5.9987565668991785,
5.185498522988557,0.5504856296478328,84.343923330307,-5.957265065014385,
5.222939834702796,0.5948958894175846,84.42365097999573,-5.9033330772106885,
5.260656035462778,0.6398346670355389,84.504469871521,-5.8501878769276034,
5.298819713369674,0.6851582840451715,84.58454608917236,-5.7868608328569735,
5.337825461467421,0.7306949651329763,84.66383910179138,-5.728075742015117,
5.378010779451607,0.7763119597247016,84.74444770812988,-5.6793802559185576,
5.419541520406262,0.8219308680767372,84.82422089576721,-5.625377306603486,
5.462082235419377,0.8675672130522737,84.9049882888794,-5.580948841731221,
5.505378851219793,0.9132477306545821,84.9839494228363,-5.5314869761943815,
5.549270155237539,0.9589980536472127,85.06421041488647,-5.490075759783728,
5.5936844482144465,1.0048275464571257,85.14452981948853,-5.458087796972425,
5.6382982806124105,1.0507182274628295,85.22482061386108,-5.416320920540045,
5.682639485781589,1.0966228318765006,85.30462121963501,-5.376999478897605,
5.726410067438829,1.1423957377104446,85.38418960571289,-5.324900861927305,
5.769702382947253,1.1878438626781922,85.46425414085388,-5.274333652270214,
5.812853427312954,1.2327459319193859,85.54508066177368,-5.229948125089812,
5.8561793877410455,1.2769129199875644,85.62452340126038,-5.176187746896504,
5.899686924685505,1.3201430256040525,85.70509910583496,-5.129942585797961,
5.943429207901061,1.3622492595232387,85.78411817550659,-5.0787707470838885,
5.98742924958046,1.4030763995914644,85.86405968666077,-5.037411750674244,
6.03163855836993,1.4425064409408297,85.94454646110535,-5.010291131431649,
6.075867256329287,1.4804540047001418,86.0250916481018,-4.9783106053602095,
6.119468409580648,1.5167935346316876,86.10438919067383,-4.954919383993304,
6.161935042388835,1.5513799348332455,86.1838116645813,-4.934603353389006,
6.203057405581215,1.5840386684834933,86.26421642303467,-4.9053205109184255,
6.242609400967313,1.6131096343466909,86.34441614151001,-4.884248221462657,
6.280674431125191,1.6427323427976166,86.42455792427063,-4.858444155483573,
6.317319829937983,1.668166106649076,86.50549936294556,-4.832571761441817,
6.352579033478889,1.6905828193353736,86.5851035118103,-4.812262151738614,
6.385079654129026,1.7088619880227671,86.66491222381592,-4.792352716084935,
6.419960652351707,1.725467968729418,86.74524641036987,-4.786527182498105,
6.452146229499011,1.7376711069607609,86.8252489566803,-4.786569126707321,
6.483002045944083,1.7463197836970787,86.90679335594177,-4.799288797693152,
6.512015162779387,1.751437257117498,86.9860999584198,-4.813237270093301,
6.538598609230737,1.7530683861166991,87.06494855880737,-4.835814700974607,
6.56226753339846,1.7512421546423276,87.14508557319641,-4.864945766083261,
6.582654351241839,1.7459661181279098,87.2260091304779,-4.886662239026652,
6.599345293971845,1.7372256232318442,87.30672121047974,-4.907531737180789,
6.612257419899035,1.7256757895383996,87.38756442070007,-4.925700225946274,
6.621753081742277,1.7091658086379276,87.46902251243591,-4.937928786209254,
6.628186367461452,1.6897339692371558,87.54596877098083,-4.957196202275986,
6.632040189344537,1.6666686635851375,87.62623620033264,-4.9789936010504,
6.6337139573404595,1.6400046392275491,87.70634460449219,-5.008904940505387,
6.633267817760049,1.6098111327847588,87.78562188148499,-5.047927118232767,
6.63049038438756,1.5762311337883836,87.86770367622375,-5.096566294570592,
6.624879361739094,1.5394703129421206,87.94584560394287,-5.152866707027698,
6.616005322560021,1.4997732820056222,88.02591300010681,-5.2136788249151635,
6.603334393914223,1.4595680846092676,88.1070065498352,-5.274252098474319,
6.586432801626676,1.41253653999101,88.18690967559814,-5.325505626021162,
6.565252857717304,1.3654018348680943,88.26574683189392,-5.384533705493625,
6.540170981087649,1.3162217544255475,88.34563541412354,-5.436403372168144,
6.511632865205656,1.2653368870524604,88.42638969421387,-5.4870591354638325,
6.479988919880103,1.2130507237654085,88.50624966621399,-5.532847817706511,
6.4457322846784795,1.159671646389368,88.58624601364136,-5.576527116743124,
6.409520129461436,1.1082247605136517,88.66614961624146,-5.630022236138847,
6.371929254770997,1.0508087381076787,88.74613523483276,-5.674587259553128,
6.33315610840955,0.9986082388074236,88.82595348358154,-5.742347367968361,
6.29326817884881,0.943642601888807,88.907146692276,-5.800272063772608,
6.2520272782382165,0.88621118182548,88.98749828338623,-5.859747078742929,
6.20908824949991,0.8348290985921358,89.06790828704834,-5.935185115503422,
6.164493719013742,0.7790549480654402,89.1466453075409,-5.991494873122168,
6.117971844460402,0.7272692886276062,89.22772574424744,-6.057533241776825,
6.069492044883464,0.6771492357112298,89.30788278579712,-6.1027789531600956,
6.019293563481269,0.6290524720726077,89.38680362701416,-6.13357360186829,
5.967957029790312,0.583301317267113,89.46655321121216,-6.1671155295748825,
5.9193429485352915,0.5422476409045154,89.54647755622864,-6.185438799900353,
5.866767464116487,0.49981495270147,89.62697649002075,-6.213479376391824,
5.818555686197336,0.4624486061682818,89.70688652992249,-6.234814040332748,
5.772613549059887,0.4281924337801818,89.78678512573242,-6.2564717645437415,
5.729044531591407,0.3971422991035832,89.86718726158142,-6.292574726154013,
5.687895549929109,0.36934371108784225,89.94679498672485,-6.321855543685892,
5.648722545808582,0.34484518127428765,90.02745056152344,-6.359037063767698,
5.6109278216152045,0.3236868877078648,90.10734724998474,-6.386165929539534,
5.574103039182124,0.30588984425103466,90.18791055679321,-6.401911451789923,
5.5398439416395995,0.2920887867184394,90.2664361000061,-6.414556267257602,
5.503153139703992,0.28031561300953267,90.34801912307739,-6.411458997120949,
5.469791366567235,0.2724299213466073,90.42686486244202,-6.401281275403954,
5.43855362273369,0.26784225429030256,90.50691938400269,-6.3805275982682605,
5.410082882728684,0.2658934902539284,90.58677768707275,-6.3544024311276885,
5.3852324168226815,0.2668731577109588,90.6664924621582,-6.337953301278661,
5.364703482777689,0.2701388794387175,90.74744606018066,-6.322084286039754,
5.34845000534424,0.27610042124519873,90.82800030708313,-6.3186004804474285,
5.335891800397127,0.28376257832454743,90.91010880470276,-6.317360784157232,
5.326234789719487,0.29255442124507564,90.98831105232239,-6.317842839592665,
5.318523077045825,0.30368312862139374,91.06841230392456,-6.320595206842308,
5.312027556291378,0.31537688018929316,91.14930319786072,-6.314570444301839,
5.306232036485863,0.3272295046117497,91.22784042358398,-6.30158872881583,
5.300968512086148,0.3409027955523941,91.30887031555176,-6.280481322032982,
5.296477026683007,0.35422850378289766,91.38802003860474,-6.248392712315895,
5.29338021829524,0.3669135389091016,91.46811413764954,-6.216962851640089,
5.292440516747487,0.38066299807591913,91.54743027687073,-6.189972144866393,
5.2941051102878705,0.39317550550650954,91.62841010093689,-6.167068922270529,
5.298249705665684,0.40424677967371164,91.70727849006653,-6.153651913780428,
5.304510530596348,0.41523148157869355,91.78752994537354,-6.1520494461758,
5.312345844943365,0.4241607989261432,91.86744999885559,-6.157807109063667,
5.320973218849645,0.43130920738863804,91.94729351997375,-6.17168228598202,
5.3295262466450595,0.43640503364271366,92.02757906913757,-6.186849890906319,
5.337232920361386,0.4391620323659682,92.10820698738098,-6.201960858507828,
5.343496171263992,0.4393468220866651,92.1878650188446,-6.213820385715659,
5.348053614950492,0.4368520267430354,92.26810956001282,-6.220760706445508,
5.350968635147025,0.4317146810658506,92.34866380691528,-6.225764151154917,
5.352530049139804,0.4246012118326859,92.42834067344666,-6.228530360191612,
5.353081055130221,0.4145319732802965,92.50799441337585,-6.231647771693528,
5.352893023173008,0.40303317058325866,92.58804941177368,-6.238854881202885,
5.352182118477273,0.3897361285502212,92.66743993759155,-6.251037954337812,
5.351089020273664,0.3745028425236403,92.74898338317871,-6.2690138941654,
5.349482940813909,0.3569367099329616,92.8288745880127,-6.29380894506046,
5.34702209520397,0.33663142163481474,92.90829682350159,-6.32470597097284,
5.343274727119802,0.31340714543942527,92.98930215835571,-6.361068953155042,
5.33784566963295,0.2874411207238707,93.06968092918396,-6.404483535323076,
5.330429993046094,0.2592668284751422,93.14876103401184,-6.450418015667765,
5.320594313934473,0.2296808848103324,93.22949314117432,-6.4981467363508445,
5.307912173776124,0.19963648256080296,93.30785393714905,-6.540416087166421,
5.292148036427538,0.17005649471028375,93.38786053657532,-6.572841669431695,
5.273411361368803,0.14168968311069915,93.46787571907043,-6.5962281634972975,
5.252220634754679,0.1149995620202124,93.54940438270569,-6.602819220221771,
5.229389124875539,0.09018701842521615,93.63018321990967,-6.601893028893115,
5.206013354857854,0.06723454563125408,93.70879530906677,-6.591769951839567,
5.183333208194986,0.04600272726993289,93.78812170028687,-6.586096633786842,
5.162421824621989,0.02635195865185411,93.8687698841095,-6.583924794216536,
5.143777718461009,0.008258153743409184,93.94844937324524,-6.588396362747386,
5.127388286149684,-0.00808088618712452,94.02930998802185,-6.60871993838095,
5.112897073787161,-0.02224395119675621,94.10860657691956,-6.635853288379936,
5.099491190625424,-0.03362527935162325,94.18787813186646,-6.665177486045166,
5.086214685533085,-0.041524295290286735,94.26812314987183,-6.6931414959928555,
5.07232952736794,-0.045242889217979566,94.34778022766113,-6.705474331486543,
5.05744742052558,-0.04420392064635549,94.42863845825195,-6.700974277641087,
5.0417434124219245,-0.03804900354161257,94.50762152671814,-6.672203574149196,
5.026097983723635,-0.026694934404878298,94.58780884742737,-6.621026168300157,
5.012091826401921,-0.010302784261023375,94.66777086257935,-6.559029201690844,
5.001632374533086,0.010786026664218799,94.74815487861633,-6.488267130068698,
4.99631928074532,0.03617139349559083,94.82837414741516,-6.424252688987578,
4.9971205104739544,0.06551155911863792,94.90872955322266,-6.370435656729293,
5.004008630437934,0.09864054809361279,94.98819375038147,-6.332036207068985,
5.016104248426454,0.1355613885825487,95.0682384967804,-6.306519642958013,
5.032062375183787,0.17642294627972177,95.14836812019348,-6.289083953474219,
5.050482847309174,0.22145586047793864,95.22821307182312,-6.26551681760239,
5.07018495874591,0.27088972117919063,95.30866265296936,-6.231019264991428,
5.090484497688726,0.3248774892248562,95.38894844055176,-6.17737258752952,
5.11132716947148,0.3833472559901657,95.4691481590271,-6.09528129629133,
5.133361382840073,0.44601672700136596,95.54974889755249,-5.995594086838475,
